0.30922682226059117 0.14024982144234693
0.30011473184671006 0.09991848795902278
0.3014476482151777 0.14957228627508556
0.2987923257762905 0.1596511021777111
0.2896352242376415 0.08007157879060098
0.29038882028600327 0.11011528779127921
0.2793436155570993 0.12059256712312665
0.2813288618996436 0.149515288109852
0.2788463072067016 0.15996794854844387
0.27941359371303126 0.17030995498057422
0.26954612032570735 0.11004883686625705
0.26955576455882463 0.15943876113623115
0.26933601512244676 0.17996342374910448
0.26105422193333433 0.08020950908556666
0.26007968327437564 0.12001478567097365
0.26080736892335127 0.15983571651791342
0.26070647697574667 0.17977101332097772
0.24928182519840483 0.07972036538911133
0.2505915517123436 0.08996961499565814
0.2510554797750212 0.14038380417049873
0.2505662604323861 0.16065463199885371
0.23932317759197977 0.08028796564389992
0.24115294407798454 0.09015407409163989
0.24021700903091253 0.09990077385870971
0.24082272237080002 0.13941786611440873
0.23917985656615415 0.1499402270691884
0.23996992984940044 0.1702762390665267
0.24023284723022412 0.19075455614847972
0.23110288912168106 0.07999551263303774
0.22927985927046257 0.1000538267216744
0.2295073119330496 0.11943089406860571
0.2311272917926968 0.1496117602866693
0.22956128585217048 0.16916118484265028
0.22095473108538252 0.1095029166906727
0.21937619150541324 0.12037364765572278
0.21952419429314018 0.150056497744459
0.21067123291069897 0.11054287585965751
0.21046930033934383 0.11993978784845245
0.20950116081233303 0.1602916213625641
0.14023148642765412 -0.03001921367011486
0.1401781344067607 -0.010049428714479293
0.13963379750595944 0.0
0.10959003521373545 -0.07010548182575653
0.11015255388035773 -0.05017214461996638
0.10963934550305318 0.0
0.10029168972591063 -0.09034469232163769
0.09990684020952495 -0.04006444858665309
0.10014005514080192 -0.010003915515122336
0.09973615028165059 0.0
0.09020535218928419 -0.07019571417013593
0.08997572423271438 -0.04992397533612867
0.09018691828893018 -0.010046344337700495
0.08026881406700181 -0.11971628319370889
0.08033774717642585 -0.09033725970115074
0.07973643998904337 -0.07981977573446082
0.07978351349371827 -0.039866398119213255
0.08012748386529561 0.0
0.0698746997917783 -0.1198495144020459
0.07021177521993141 -0.0797657617710439
0.06981499846120315 -0.06026831930684221
0.06988316495680708 -0.049865447760680186
0.07033718328272068 -0.030031495768732246
0.07001142899628551 -0.019920067666736426
0.059904082013109615 -0.07970333797226796
0.059857633601712576 -0.06979479659471886
0.05974353049823928 -0.06015222047912613
0.06003578365763423 -0.05002235789810086
0.050063713634389884 -0.09013800130403768
0.0499137279899541 -0.07020365202667196
0.04995519307499014 -0.060062222809984356
0.0500625602428594 -0.04988001838428276
0.05019748148205502 -0.03003064863997712
0.039949699342042386 -0.09995326418178155
0.03996947379833382 -0.09030163607072884
0.040108194796670715 -0.07965478970931111
0.039800893866654 -0.04010744896467163
0.030130337027265926 -0.14054747443366103
0.030104667620289287 -0.06012454400103199
0.030056058630947336 -0.03984715203803603
0.020048172054998478 -0.11971414767888354
0.01994616075668934 -0.10989555076594602
0.02008677606410621 -0.10049657942886679
0.020052725834863894 -0.08966040211066159
0.020097824075686836 -0.07960170651560237
0.019991989489408498 -0.0700857001287957
0.01991852937986663 -0.020035182520526818
0.009976628567839747 -0.1801385131468295
0.009982991530984373 -0.12959162349304792
0.00997039873300176 -0.10012681547942902
0.010047646519692902 -0.0899005067660706
0.010018173011276705 -0.06986852927308004
0.009992181204115647 -0.02000027651023493
0.0 -0.2106313599272596
0.0 -0.15000794283132282
0.0 -0.14004520570217918
0.0 -0.11972429370192765
0.0 -0.09996295798748028
0.0 -0.09034213784750882
0.0 -0.07999995484451647
-0.009967123690382064 -0.1702797530082723
-0.009987979354158244 -0.1096047879758656
-0.009990674139589354 -0.10010605136331542
-0.00998307637252822 -0.08028869216821784
-0.010045622258595548 -0.07009751071174888
-0.019984357881893847 -0.18967451336733976
-0.019928866434452075 -0.18055448099006333
-0.01999025471905785 -0.16000424413128272
-0.020027564660513017 -0.11965062171856244
-0.020045898373891317 -0.08993204889214743
-0.0299961646735646 -0.2100613144749404
-0.029957005736038118 -0.1897550510187359
-0.030110842625428996 -0.15976041659235324
-0.03002416822125578 -0.12037975043087654
-0.04016340310389802 -0.26126434458008246
-0.03989911242231251 -0.23967160651394592
-0.039803305184144024 -0.2207710445356402
-0.04003928963411964 -0.17001504262641082
-0.04011254694903104 -0.1504149486074749
-0.03984159886678363 -0.11947413386206417
-0.049908571317725726 -0.1908842397658662
-0.04979304325532718 -0.16999969126612308
-0.04989392059376497 -0.12936344466228575
-0.05023168928502942 -0.12034384675251224
-0.05005560814908115 -0.10036630970837648
-0.059922212147457264 -0.21935666165356887
-0.059998962977318784 -0.21039205645623105
-0.06029198136406523 -0.19957402383032985
-0.05971909799620803 -0.19047872770048727
-0.0597363426702878 -0.16979390965352986
-0.060102408150353746 -0.15019198664329114
-0.06002284154449802 -0.13990701267306763
-0.0601679895265791 -0.11976508045806063
-0.0699109599072235 -0.26903079751137277
-0.07005508897143464 -0.25889616096731627
-0.06977432570304602 -0.19921134202964125
-0.07031024777743027 -0.19003710563993664
-0.07005858758656654 -0.17952050245445278
-0.07003569402758875 -0.1701785206246797
-0.07030657608887243 -0.14063388734431842
-0.0697008729560204 -0.11983844174292829
-0.0797160012984357 -0.2894002756991842
-0.0801153613157495 -0.2790144213982316
-0.08015347948545827 -0.2303425398464009
-0.0798038603071751 -0.22013741554922336
-0.08034576435603467 -0.19075033215288928
-0.07978897849657167 -0.17937208597163198
-0.07964017121894779 -0.16951966536764076
-0.08038932039583833 -0.1296067870410892
-0.08961893763033323 -0.24942273328823453
-0.09024534680974342 -0.23066867375150518
-0.08983678953366554 -0.19094301576469158
-0.09010275327900312 -0.16955562002727836
-0.09029710717653094 -0.12948475557945263
-0.10018723520742705 -0.2609055255576699
-0.09989453942965949 -0.23886777942644377
-0.09959546459129885 -0.2293922906750318
-0.10009834463916611 -0.22043383110321174
-0.09965977563043542 -0.18999242340416428
-0.11002387219489407 -0.2912366326556181
-0.11033882903425549 -0.27915767722035556
-0.10977922926523755 -0.2691125735315798
-0.10984833713186999 -0.2502605757505869
-0.10991195981013334 -0.2192790088815362
-0.10970932020075311 -0.21079088595267173
-0.10976932839924049 -0.17983290320337625
-0.1103413626515094 -0.15967269163281175
-0.10984785015467313 -0.14992133687669115
-0.12049308272277867 -0.28868240702886594
-0.12059711733077988 -0.259881071184008
-0.11941711935591795 -0.2293651487724898
-0.11997287698772383 -0.1703970778335452
-0.1306382276391483 -0.29850958710327413
-0.1306485318912586 -0.2900053007086219
-0.1298689837823477 -0.2793374300554837
-0.13041610208913526 -0.2500949589372298
-0.12998603813882897 -0.2388711601973332
-0.12985421564206498 -0.16000878040894345
-0.1404541930344161 -0.29898597376102204
-0.13938317138728887 -0.2804368529251341
-0.14019879023882675 -0.2690059611786147
-0.14063938455101824 -0.2512269734877792
-0.14029390691260865 -0.22992906269777302
-0.14045906875119424 -0.20895718215883954
-0.13973138364554585 -0.18920134761031926
-0.1405870210351182 -0.18034739396625085
-0.15074697492999836 -0.3003270409973217
-0.1506421678457634 -0.2898191872660806
-0.1498066764473754 -0.27888262575439177
-0.15057997690309563 -0.2403026226312372
-0.14937046062776332 -0.2311422180745742
-0.14973757558692358 -0.21938689831895125
-0.14976226162995784 -0.19926914540061952
-0.1503579639114539 -0.18049008935548308
-0.15937145562106148 -0.30145931903523904
-0.15961378157124617 -0.28975709297027946
-0.16060702772533786 -0.2694937300016961
-0.16042519919233056 -0.25051209303924105
-0.1602653195257939 -0.19996824883438916
-0.15954969710666728 -0.190082806400181
-0.1698922681762013 -0.2695065638087742
-0.1708336711477893 -0.259708484612545
-0.169277726450711 -0.23098277338711407
-0.1705625196618032 -0.2192211116449889
-0.17965714940413782 -0.2904410451257431
-0.17932730178147624 -0.2509306103617266
-0.17930258373252894 -0.24024314527966548
-0.1908578914508032 -0.2605345945075959
-0.19077935692964518 -0.22935347551306243
-0.200617098234661 -0.23055135343531377