0.139920224874 -0.280326452331
0.140678358204 -0.270015844334
0.139602396893 -0.259749524318
0.139403626622 -0.249012965256
0.140221165967 -0.239978449624
0.130615072844 -0.300286884002
0.129541113456 -0.269183819136
0.130562434136 -0.221002142821
0.120354900772 -0.26874041886
0.119440007221 -0.260647370015
0.120512551732 -0.220975794021
0.11953357955 -0.189749319905
0.109847178854 -0.3190135803
0.109457902095 -0.280483968814
0.109888882832 -0.271349409259
0.110493990853 -0.240411086859
0.100269366614 -0.331198771185
0.0995918447751 -0.321068412511
0.100315421636 -0.28918786474
0.100444712653 -0.278937473505
0.100021206581 -0.268759826681
0.0998063166202 -0.2105098539
0.0997710090809 -0.200955895481
0.089815080732 -0.321333808517
0.0903991684363 -0.311047094433
0.0895786266294 -0.29959381457
0.0902442916968 -0.288624517148
0.0904135325799 -0.280556631604
0.0897036269886 -0.259017165963
0.0895952276072 -0.24100679684
0.0896753097854 -0.190340140165
0.079826725614 -0.32050673791
0.0798548391731 -0.309482004622
0.0802104652433 -0.280062049272
0.0802299870891 -0.259276383295
0.0796524020738 -0.249052998217
0.0801827336291 -0.230492712295
0.0798813518921 -0.219054948288
0.079868843536 -0.200477381514
0.0798084091638 -0.189538252005
0.0696609401264 -0.339831353328
0.0703379965369 -0.320569639815
0.0698954868883 -0.300779628963
0.0701384846723 -0.290744406418
0.0699292097256 -0.269519638044
0.0698247195142 -0.219837621992
0.0699135656055 -0.210221916998
0.0702427617684 -0.200653583177
0.0700876298165 -0.189151436024
0.0602933470827 -0.32980391629
0.0598145755888 -0.318632882426
0.0600958059021 -0.301180030489
0.060190253102 -0.271015590574
0.0601764914021 -0.25051922787
0.0501119675973 -0.281263120811
0.0500726613233 -0.269592258323
0.0500519198353 -0.250220371662
0.0502232530949 -0.229292749272
0.0502260745855 -0.208984174428
0.0501304375 -0.200619854734
0.0398279248143 -0.321130157811
0.0398503346686 -0.311497268569
0.0400530756632 -0.209896416911
0.0400030651166 -0.200761131831
0.0298788850953 -0.28901862818
0.0300946855657 -0.280815194619
0.0299621075867 -0.248777374397
0.0300868464914 -0.230775505343
0.0301259875498 -0.219924025746
0.01997962703 -0.320869882427
0.0199116007707 -0.280464913572
0.0199020272608 -0.260967997199
0.0199476084949 -0.249274740494
0.0200760588411 -0.240341693214
0.00997836410375 -0.311292659933
0.0100388166422 -0.278826741998
0.0100244998689 -0.231121279344
0.0 -0.290529861337
0.0 -0.270741066454
0.0 -0.249491054126
0.0 -0.24064943262
0.169824656315 -0.0300350397611
0.170025142213 0.0
0.169372233662 0.00999400049409
0.160219488703 -0.0500923374524
0.159936127187 -0.0301352767808
0.159877702941 -0.019920732938
0.159681257627 -0.0100423264756
0.160577416075 0.0
0.160337569661 0.00995080329485
0.149889089039 -0.0500603610684
0.150727914299 -0.0400005807131
0.149862635967 -0.0199567868951
0.14973922087 0.019901878826
0.139501145346 -0.0800191175699
0.140407413562 0.0300921162563
0.139817479019 0.0400854957688
0.130386021008 -0.0799987215113
0.129950426803 -0.0599405842731
0.130394635551 -0.0501773389846
0.130065698876 0.00999751924857
0.120578379792 -0.0801275581231
0.120514552662 -0.0499642195582
0.120503548336 -0.0298857476257
0.119935182007 0.0
0.119528416576 0.0199507993432
0.120502185727 0.0400437131721
0.109864482007 -0.0899910554707
0.109758989096 -0.0300097497038
0.110036594284 -0.0100376304682
0.10977288669 0.0399621000726
0.0997562526386 -0.0800145485897
0.0996392588281 -0.0401750016173
0.0999761258688 -0.0200716953775
0.100320878387 0.0099759988395
0.100213955772 0.0300827275149
0.10014985807 0.0599129683154
0.0901009682688 -0.0500733495282
0.0902032697782 -0.0299061736269
0.0899839589088 -0.00997613721158
0.0900695952757 0.00996315984108
0.0895753345123 0.0200685986988
0.0895848644046 0.0299227400371
0.0899862384953 0.0398812119731
0.0901195723815 0.0500419809623
0.0799090986236 -0.0797215827773
0.0803032614315 -0.0498685232977
0.0796462061888 -0.0399216356959
0.0799928313485 -0.0100367480585
0.0797868659851 0.0
0.0801337327015 0.0199284469662
0.0700072078693 -0.0598084770561
0.0701024342346 -0.0498438622754
0.0701756676999 -0.0399020147821
0.0702209073484 -0.0298729559533
0.0699484474651 0.0099836239198
0.069864414065 0.0400213220347
0.0602192098075 -0.0698986308269
0.0602330585139 -0.0497953685059
0.0602268902713 0.0
0.0601523883892 0.020073960969
0.0601357774897 0.0300879493554
0.0497590997012 -0.0398503566144
0.0502156194886 -0.0298641594867
0.0501609534385 -0.0200879961618
0.0498760145687 0.00997836510882
0.0500240282549 0.0199664121064
0.0502348158195 0.0298537305791
0.049764724935 0.0400492954174
0.0400794850661 -0.070149823573
0.0399245068573 -0.0602822126936
0.0398024688353 0.0100295458113
0.0400144985999 0.0199554974171
0.0299694624064 -0.0398946522302
0.0301198718727 -0.0200204803031
0.26097679792 -0.17010220704
0.260509795643 -0.160176458026
0.25876876549 -0.139986464887
0.259127120045 -0.12985730881
0.248825223592 -0.189713995332
0.251142016657 -0.160373424834
0.251133071355 -0.150178087526
0.248925113212 -0.139390166699
0.250422994871 -0.110037965399
0.240885135702 -0.199071612944
0.239660502002 -0.159684729427
0.239573548528 -0.129917732039
0.24019684396 -0.11951659906
0.240178225763 -0.110457879252
0.240553803725 -0.0896178244799
0.239444656591 -0.0803189315429
0.229551984983 -0.189707741673
0.230718642051 -0.180012141636
0.229754739713 -0.120315654315
0.229095846553 -0.0896665112383
0.220430677618 -0.209589016329
0.219770965653 -0.200894803725
0.220137694633 -0.189969124209
0.219301260167 -0.160671994518
0.219633134813 -0.149418679038
0.220704831647 -0.0897821716889
0.220506765183 -0.0796882320886
0.210953571229 -0.18975837751
0.210955603645 -0.169173637577
0.209679334274 -0.15000324231
0.210340208966 -0.0996735108972
0.209042296328 -0.0698306266925
0.200724630984 -0.179718071266
0.200957280808 -0.160225151658
0.199843328096 -0.140505654922
0.199767296599 -0.130430796013
0.200621598194 -0.0997335785256
0.200660332928 -0.0696545239691
0.189526981656 -0.210906059527
0.189332817174 -0.200610212877
0.189753911077 -0.190717721434
0.190807246578 -0.180401843616
0.189510400857 -0.17072690456
0.190792923849 -0.120349929552
0.190386225242 -0.109511710732
0.180367401881 -0.200332711682
0.179794311671 -0.189066534717
0.180064226659 -0.170699424279
0.17967750511 -0.130601579407
0.180234763996 -0.120599127475
0.180609766668 -0.110427256398
0.179336503567 -0.0899746138351
0.179276076252 -0.0697049085747
0.170485395087 -0.210756982012
0.170831071136 -0.199160086174
0.169704423144 -0.19021167176
0.16924412208 -0.150663644858
0.170545290198 -0.139480410185
0.169918526897 -0.10948094019
0.169978539327 -0.0797396391946
0.169429683305 -0.0697475885325
0.159924205135 -0.199547399097
0.160027324716 -0.160571528426
0.160342821178 -0.129649411737
0.160390164377 -0.0995690342337
0.1504297141 -0.19094214524
0.149674407658 -0.180859074039
0.150497904597 -0.149269113058
0.150161038846 -0.140637248691
0.150432348164 -0.119568818704
0.15004075148 -0.0902263514023
0.139418499132 -0.199927025576
0.140684913592 -0.190518891527
0.140299797476 -0.179301361318
0.140116328498 -0.130374070251
0.130142754842 -0.190007150961
0.129360352733 -0.179862081912
0.130003327695 -0.170405288303
0.130467293957 -0.160659337559
0.129517169712 -0.139584830653
0.129447556 -0.129382484019
0.129582885448 -0.11982338457
0.120203354302 -0.159988217014
0.120584315883 -0.129551019464
0.120225004534 -0.119952000704
0.0400132444519 -0.130206484235
0.0401152591795 -0.119903203038
0.039916955096 -0.11033078754
0.0401719532554 -0.100037204515
0.0300720207847 -0.190120963907
0.0299981778354 -0.16970839762
0.0301319874691 -0.100416239691
0.030017623428 -0.0898996126201
0.0200821939993 -0.180006921972
0.0200224742788 -0.160267702016
0.0200446267232 -0.130095122023
0.0200493088817 -0.12018466419
0.0200729296298 -0.110438676301
0.0200586485725 -0.0996536367313
0.020025074015 -0.0903898755265
0.0099503628894 -0.189800967949
0.00996274503498 -0.159409545993
0.0100280223885 -0.149511622484
0.00996203336808 -0.110241920339
0.00999277258923 -0.100205200862
0.010028379688 -0.0901470179062
0.00999829173131 -0.0798804850795
0.0 -0.209096944276
0.0 -0.169837702323
0.0 -0.160127812513
0.0 -0.150296604806
0.0 -0.140455866179
0.0 -0.130146612701
-0.00997466783916 -0.208966298953
-0.0100137417556 -0.199483930751
-0.0100141727533 -0.190942131206
-0.0100392890245 -0.170733598797
-0.0100402272203 -0.159836362985
-0.009999191973 -0.109583030213
-0.00996094532076 -0.089657348131
-0.0100261651414 -0.0800368876023
-0.00995962414414 -0.0702596884694
-0.020002384786 -0.200779399773
-0.0200824410628 -0.160676937977
-0.0199643389402 -0.130204282094
-0.0199700926639 -0.12026397292
-0.0199073641815 -0.0903402807686
-0.0199964746539 -0.0702922037318
-0.0299473645425 -0.159562154135
-0.0298558253471 -0.149528431452
-0.02994204228 -0.129401369811
-0.0301097288001 -0.110423908695
-0.0299181971014 -0.099718685452
-0.0298752775513 -0.0903956719417
-0.0300525856914 -0.0801064508264
-0.0399850386656 -0.189986131579
-0.0398094226077 -0.159465928863
-0.0400884602222 -0.149497241711
-0.0401299758981 -0.0700675203022
-0.050092259758 -0.180823543263
-0.0499050509513 -0.139991242492
-0.0502426460323 -0.129934892506
-0.0499299864854 -0.119694839553
-0.050194276575 -0.100259847684
-0.0499337583819 -0.0897790452731
-0.0598622645805 -0.150208530359
-0.0600839539428 -0.119473255897
-0.0599584093249 -0.0898535355102
-0.0702593351096 -0.199006394758
-0.0698934553639 -0.189624931339
-0.0698412174339 -0.17945735069
-0.070310131806 -0.17017303103
-0.0698562779751 -0.120301319996
-0.0797293746822 -0.189294294583
-0.0801904120651 -0.0995958670415
-0.0798764929255 -0.0797525069581
-0.0899469838257 -0.180004522023
-0.0903684442527 -0.170647336019
-0.100267892837 -0.129554740108
-0.100241485291 -0.11010115979