0.31976840035 -0.0697671505254
0.299525937575 -0.0797892920471
0.300536638296 -0.0398591343532
0.299779216917 -0.00998486187935
0.290340996221 -0.179984316415
0.289687574879 -0.130175798365
0.290772522949 -0.0904082096037
0.290426022991 -0.0700606888423
0.291278416408 0.0300379711088
0.279390984757 -0.109741941751
0.270068869193 -0.190276818879
0.268827647471 -0.0299148510559
0.269960779605 0.0902475286743
0.268895341283 0.129407746953
0.259048155065 -0.239815216979
0.260331863505 -0.228920161943
0.26103338182 -0.219568333783
0.259451119218 -0.160680790782
0.260073737608 -0.129737850716
0.26022525131 -0.110202854403
0.259201597832 -0.0999114922851
0.258852377848 -0.0300625506147
0.259165271379 0.129929363145
0.248894466748 -0.219720527204
0.249330900966 -0.180685151836
0.250749010397 -0.0200024793714
0.251087008271 0.120049642992
0.239548515963 -0.190480109244
0.241052364059 -0.179949888384
0.24109320591 -0.109615191086
0.2389517562 -0.00996124338258
0.240670359274 0.0100067639511
0.239167188299 0.0898687493906
0.229013381184 -0.269441318536
0.229574292447 -0.250630931879
0.231001026962 0.0100274865846
0.229552643951 0.0799763608723
0.230639572535 0.179527662226
0.21992940453 -0.260235426342
0.219974014463 -0.251015152788
0.220636204078 -0.179361904286
0.220884492147 -0.170748027652
0.220610412754 0.140521033738
0.220899360842 0.149828625401
0.220826270629 0.19078257697
0.209016277841 -0.209593765619
0.210136822902 -0.189469216632
0.20944654834 0.170149382914
0.200942950479 -0.249107945271
0.199178120913 -0.209258996668
0.190742613088 -0.280034835298
0.180768300891 -0.230417074721
0.179774461135 0.120060649494
0.179135258885 0.140069062574
0.180804397989 0.179136820949
0.170250200591 -0.270802646451
0.170773222319 0.149876804877
0.160749828388 0.210868711542
0.160475845366 0.229039843852
0.149705759641 -0.289625720164
0.140561366401 0.20928455242
0.130172519942 -0.309340327277
0.129731993354 0.18082215358
0.129487673629 0.25065664644
0.120464929867 -0.301469659171
0.120060149707 -0.269529210308
0.119985728132 0.189998643334
0.110282711652 -0.289450563287
0.110152087323 0.210993165165
0.100114322813 -0.25101824903
0.0995704874777 0.240970747121
0.0902046788907 -0.311035406177
0.0902325574638 -0.259425198188
0.0802458248103 -0.31863266003
0.0798664201662 -0.289651829024
0.080398154797 0.200878309068
0.0802206154904 0.260290654585
0.0700014564049 -0.308868998223
0.0702605769631 -0.300338383685
0.0697906831175 0.268821107567
0.0598535415023 -0.329426508453
0.059995402298 -0.289393646303
0.0597837582504 -0.281217647933
0.0600255744679 -0.270331512824
0.060140871425 0.240099481607
0.0499895914574 -0.299537744413
0.0501903686717 -0.280724079682
0.0401427932103 -0.299348738966
0.0399497277952 -0.260473501686
0.0399626226045 0.23061284169
0.0298837766737 -0.269912952695
0.0298959349987 0.240661169405
0.019970090794 0.229582725976
0.0199909673407 0.27931130096
0.0 -0.310036899571
0.0 -0.289537813813
0.0 0.219379842998
0.0 0.239293700864
-0.00996946877443 -0.321554105252
-0.0100458762806 -0.301222306671
-0.0100373479833 -0.258904199235
-0.0100118441311 0.259370687144
-0.0199941791519 -0.300241748689
-0.0200312828123 0.210076281433
-0.0199602593975 0.268674953312
-0.0298597317149 0.25099287869
-0.030064659036 0.268738671144
-0.0499119830708 -0.320486400132
-0.049908949223 0.209647752118
-0.0602800530443 -0.331254967739
-0.0598475357915 -0.300057176964
-0.0598767995309 0.258778450972
-0.0698860027729 0.249339330707
-0.0798056108377 -0.280050191773
-0.080156761945 0.21953230782
-0.0800954489536 0.249339205272
-0.0803049750708 0.261099749398
-0.0903874714396 0.259941617849
-0.0902990132134 0.270182846328
-0.0996702162371 -0.298729928574
-0.109707959019 -0.319410619225
-0.110128808149 0.221039993873
-0.110282391491 0.238863755248
-0.10963868571 0.249004622407
-0.119594057051 -0.249423311738
-0.119733702899 -0.240701224797
-0.119786894789 0.260126600505
-0.120556915193 0.281112182688
-0.129485694575 -0.301111418475
-0.130184354923 -0.238936585203
-0.129499497132 0.220139353055
-0.130123904926 0.260843128275
-0.14047455936 -0.220378710225
-0.139857234834 0.199889619602
-0.140437544682 0.240259179257
-0.149969594192 -0.279681940945
-0.149891652854 -0.24119190253
-0.149648786016 0.219655203879
-0.160736234304 -0.241102127256
-0.160697373577 0.149296383403
-0.170578590982 -0.190933552217
-0.169410956207 0.229960094192
-0.190826860237 -0.261202753052
-0.189415376247 -0.239197166707
-0.189076951121 -0.190175809068
-0.189102489201 0.170637880479
-0.190770893797 0.179883490841
-0.190782269534 0.200590096374
-0.190249877488 0.220074109282
-0.200494335966 -0.249079397828
-0.200453393447 -0.18056440489
-0.199875984523 -0.00996494906253
-0.19916387224 0.0796069762577
-0.20099625819 0.160310859362
-0.209219113633 -0.209074065308
-0.210176712248 -0.20072098305
-0.21023885399 -0.110015025985
-0.209310587049 -0.0998442060473
-0.209671050225 -0.0901656247563
-0.209794584929 0.0799337857282
-0.209129719321 0.109626561846
-0.219927947036 -0.130039959875
-0.220797453876 -0.090223389761
-0.220685835376 -0.070106027966
-0.219720990214 0.00996471685869
-0.2202305442 0.0299302590749
-0.219110513062 0.0900325581885
-0.220990026239 0.119574755784
-0.220785923844 0.17935685453
-0.229607035098 0.0700598971465
-0.229955662477 0.0803319185137
-0.229768285366 0.150652930477
-0.229020158157 0.160184911728
-0.230044469807 0.169422503135
-0.229377133815 0.18087968362
-0.239571498122 -0.1605619623
-0.239392023952 -0.109601886377
-0.24043614833 -0.0100317464954
-0.240955536615 0.0
-0.240013581953 0.0500488630828
-0.250699324606 -0.139424343074
-0.249964176488 -0.0897047272331
-0.248800942905 -0.079956980947
-0.249515757405 0.0300997440019
-0.24986521046 0.040051326427
-0.250359206713 0.0501506171258
-0.248882459785 0.0598774079603
-0.249453208703 0.119637368338
-0.259884598115 -0.169195329972
-0.259028500467 -0.139861734505
-0.260805007363 -0.130040712688
-0.261204623377 -0.0698029796184
-0.259372212163 0.0199618222001
-0.259704857847 0.0300509714184
-0.270532028705 -0.0897289082641
-0.269241838147 -0.0300495339894
-0.271107463743 0.0702707792108
-0.271013666768 0.0799551839428
0.159652751991 -0.0499503602016
0.14041984906 0.0299604764436
0.119584935109 -0.0897367495477
0.120348418679 -0.0699345626148
0.120511335712 -0.0300466239167
0.120242761271 0.0299254402098
0.120012278216 0.0400349099085
0.119802926369 0.0702098149707
0.110014996469 -0.0600934146123
0.110248400331 -0.0300712329454
0.10963840921 0.0599511486694
0.0998952591115 -0.090270287532
0.100466531794 -0.069975124263
0.100163689755 0.00995367036275
0.0995145906449 0.0699276672982
0.100030785142 0.0796126388124
0.0904213953463 -0.00999953948504
0.0896071752822 0.0299005423616
0.0896541168138 0.0501931469998
0.0902606298519 0.0803659835322
0.0796183760111 -0.089636099462
0.0796974739491 -0.0501994755429
0.0801627108753 -0.0199304918495
0.0801097114287 0.0
0.0802821282689 0.0398649586961
0.0797236707986 0.0500661184369
0.0700348700806 -0.150215595221
0.0700391729567 -0.140578635611
0.0700615150264 -0.0401478303922
0.0701207698941 0.060216805619
0.0599123052277 -0.149470150806
0.0600528407559 -0.119500986239
0.0597258932182 -0.100371407701
0.0602510139397 -0.0700377825009
0.0599790503132 -0.0498042924294
0.0602541892132 0.0401560183497
0.0600281536853 0.0500291885326
0.0599349475986 0.0701991640692
0.0498685982636 -0.129623422273
0.05022723167 -0.119864744489
0.0502092152631 -0.069928990729
0.0499184206872 -0.0499875036896
0.0499761561969 -0.0399699371968
0.0499632087537 0.00998082201824
0.049858086449 0.0602381048964
0.0497715249224 0.070186506482
0.0400251265825 -0.0799717936624
0.0401984512157 -0.0700946021435
0.0399213216306 0.00998901341373
0.0399891408283 0.0700116686917
0.0398736367769 0.0901266303451
0.0299208692857 -0.0701925424974
0.0299077580078 -0.0602551739728
0.0299703572625 0.0
0.0299217361305 0.00997681239128
0.0299664028386 0.069802752024
0.0301298948897 0.0802681436628
0.0200777775172 -0.139391379647
0.0199873687229 -0.089945924551
0.0199279133833 0.0200140234513
0.00997281006522 -0.159875738361
0.00995340916131 -0.0896153915392
0.00999794775948 -0.0500182681923
0.00998832008362 -0.0301028835461
0.010047872795 0.0
0.0100265651258 0.0400410287425
0.0099850327233 0.0698957224633
0.00997267664787 0.0999394031145
0.00997850193421 0.10987436907
0.0 -0.140614255819
0.0 -0.109715606485
0.0 -0.0999734798342
0.0 0.0299238174068
0.0 0.060291213707
0.0 0.110085473179
-0.0100373508861 -0.129453964246
-0.0100444905681 -0.109605958938
-0.00996750685344 -0.0200787870307
-0.00998253561611 0.0401872230593
-0.010012681528 0.0897563982048
-0.020049718269 -0.169910320296
-0.020035297467 -0.16019747917
-0.0199153911326 -0.100065262559
-0.020070954586 -0.0100454445045
-0.0199110298577 0.0299637579211
-0.0200722116857 0.0598828932891
-0.0300000006279 -0.00995264452259
-0.0299428333905 0.0898219141616
-0.0399241713993 -0.0802627401502
-0.0399907759889 -0.0502347188615
-0.0401883814602 -0.0298930879969
-0.0398832912517 0.0298547815784
-0.0399247286444 0.0800366695335
-0.0500384995229 -0.119421058236
-0.0502328782869 -0.11013499919
-0.0501822664403 -0.0904364166508
-0.0501066145337 -0.0698971233528
-0.050070210827 0.0199941218121
-0.0601244177095 -0.150618971074
-0.0602412580681 -0.110381863061
-0.060088966265 -0.0897982459517
-0.0601922112635 -0.0199222950291
-0.0600097223102 0.0200549724897
-0.0698424770904 -0.129377189313
-0.0702184259686 0.0502065391921
-0.080309881121 -0.110260900392
-0.0797603857969 -0.0902154884642
-0.0799713024999 -0.0497879113029
-0.0798413437449 -0.0100264920938
-0.0896522167053 -0.0802749080434
-0.0898554873792 -0.0600114135109
-0.0903650729638 -0.0300484316594
-0.0896021916397 0.0401541882886
-0.089743158073 0.0501366162191
-0.0901452977418 0.0597571965699
-0.0903478436902 0.0697056968904
-0.10047805251 -0.0597272422614
-0.0997778330868 0.0
-0.100363414586 0.00998756140598
-0.100482413635 0.0398501488068
-0.100419539701 0.0501689468865
-0.110059803829 -0.0699605753805