0.13966293331972737 -0.010032655693757721
0.13047693040896158 -0.029858635166587592
0.11941577577079801 -0.07987209801649907
0.11954264463876094 -0.06965933482047186
0.11960887038363964 -0.04007647645063976
0.1095353522511371 -0.0699635519600007
0.11010440071550194 -0.05017113916111048
0.09992045231292418 -0.01994111936180312
0.08993456801400392 -0.09022584165691186
0.09000652593814684 -0.06978789165396672
0.0902459878015148 -0.05021018514490822
0.090221223058308 -0.030053845838457917
0.08984833615287514 0.0
0.07972026667358442 -0.06006347673532506
0.08023424145237153 0.009986781888837053
0.06978493159054877 -0.06012056550836116
0.06987702065823564 -0.040067044807422125
0.06990145556498463 -0.030016354011336843
0.06025643632006879 -0.13953309423679222
0.059755230387177116 -0.04980236200780996
0.05983100811224227 -0.019990456130666766
0.05024681617788543 -0.05994235092822342
0.0399719982129984 -0.1303339371284742
0.04001606388722325 -0.07030507287542638
0.04006543570503558 -0.060128539847048273
0.039986981017479266 -0.019987142164659407
0.03006400044048945 -0.1398833611228314
0.030049659050775217 -0.019981699437295997
0.03010974779752222 -0.009959368727093347
0.019957507502040263 -0.11952440206947117
0.01991727820664535 -0.11015001288050794
0.009958529764772909 -0.1398341612053416
0.009963323056919552 -0.09959297348178482
0.009977232925611977 -0.09005854775534317
0.009973342335620536 -0.05003975509821018
0.0 -0.21014702648181985
0.0 -0.1499355559331206
0.0 -0.10034572802633732
0.0 -0.07998711231268114
-0.010035669639446146 -0.2109201047440005
-0.010026840776250228 -0.16016812528031876
-0.009954983278110374 -0.1496091761924732
-0.010019304491177685 -0.13975647319300047
-0.009972112724917357 -0.08993284015050466
-0.009958402328265462 -0.08008183528643002
-0.01002606087907201 -0.06002544152356177
-0.020027744179326793 -0.18080376465334017
-0.029941643059380622 -0.20960554879094911
-0.030145093652332297 -0.1100728300732178
-0.030044941086335385 -0.09974490902506841
-0.04001359834628662 -0.23885124946241462
-0.04007585430846217 -0.2005803412167103
-0.04008693575965509 -0.1896868363509751
-0.04015261168949373 -0.17050742288125287
-0.03999960870906588 -0.15962416163900478
-0.03981568970331074 -0.1507480716237355
-0.0399836898878011 -0.14037517781601896
-0.04015286276516669 -0.12943312643926896
-0.05004413063323564 -0.19902749411727316
-0.04996508807591464 -0.15931847855638198
-0.04979247808606128 -0.13935905078546265
-0.06006760985260779 -0.2007563863630875
-0.05972825798732199 -0.11964046248513646
-0.07019494140435836 -0.2689185498719879
-0.06976228261511405 -0.24041545310205864
-0.07028096635898365 -0.219329499925958
-0.06995402175062948 -0.2009770053168684
-0.0698191161033376 -0.1909254468899324
-0.07983461512788566 -0.2511970982773125
-0.07960587026455296 -0.23065449271984903
-0.0796540769511478 -0.22107908994866493
-0.0796112124955439 -0.16039028216746526
-0.09044938803328882 -0.27020964790022783
-0.09003182639762276 -0.26128451200217684
-0.08979481951354688 -0.23943661575585598
-0.09026898592271741 -0.20903136229882366
-0.08960915742630443 -0.12967301150727817
-0.0995588621307992 -0.28079587969120107
-0.09991332186911556 -0.2609832070811529
-0.1002194597000367 -0.22001403469835396
-0.10022065721185953 -0.19942314999684999
-0.10947725516964789 -0.29063717122339666
-0.10974297017062899 -0.27114329506729534
-0.10979989776009463 -0.259521185814838
-0.10971313185025379 -0.24949568594956703
-0.11008384250366685 -0.23915811250978447
-0.1098363974119216 -0.16060456443675017
-0.11022827862980242 -0.15042811113429802
-0.12043648380793598 -0.29060333413560085
-0.11977777441733693 -0.27927874602217945
-0.11980084222840572 -0.24979523475669677
-0.11978912230478007 -0.23938413571763426
-0.1200001524898801 -0.2189511060075048
-0.12056341261038359 -0.21006316106900152
-0.1195026589540464 -0.18074455391117927
-0.12996584957809415 -0.29025304435575455
-0.13012244098212095 -0.2811469249196152
-0.12983845338620678 -0.24988657148956664
-0.13027217936565402 -0.20987033758769463
-0.13038765162612184 -0.17927399570572705
-0.13984012500752138 -0.21085931945482186
-0.1501502006283569 -0.3002737516588308
-0.1492682545388063 -0.25977726582703486
-0.15030424045917457 -0.2008130136068583
-0.15922637165215545 -0.3003184800562716
-0.16001129419917795 -0.27885483994828203
-0.16062048062326797 -0.24986356098579768
-0.15935917599851634 -0.18999272344758655
-0.1693574642304682 -0.29916221941337945
-0.17050148067547005 -0.23029926951285115
-0.17020603890310954 -0.2198729649811432
-0.16956825683471174 -0.19979059863608004
-0.17968109271714347 -0.2986880582853499
-0.18028761446591465 -0.24961487605772875
-0.17976996369497128 -0.23945676466630975
-0.18018876789353 -0.23047942219985504
-0.18925939064606134 -0.22904874653103996
-0.19936813526376296 -0.26933444030749926
0.0499928287382596 0.09023332695736959
0.04001121566565474 0.07996258946572408
0.020015687052769918 0.07014097807617094
0.020032162550039406 0.0901369905521384
0.02001593436918261 0.1305235199236186
0.009958036188636226 0.09036962000008057
0.010031197687469464 0.11045051028216235
0.0 0.049937466246882826
0.0 0.0897176403562383
0.0 0.1094775193136523
0.0 0.1404542979925822
-0.0099560904163978 0.08995334179392045
-0.010035526181904095 0.12983486259753854
-0.009980741444459693 0.16997135835746244
-0.020076682245915824 0.05010959770423092
-0.030078768308684632 0.059968630022758124
-0.029904144318363874 0.08007936823193759
-0.02990195195473332 0.1202687013261221
-0.039956446090014065 0.07971460829016551
-0.04003726985177626 0.09018981967127132
-0.04006258079172286 0.10958618701319392
-0.040147532783235726 0.13946846727646628
-0.03989335741193506 0.1605043597504497
-0.03998330809859366 0.1695793256942503
-0.049759973249361655 0.06974001696431877
-0.05021917374473612 0.11998057248612894
-0.05015591576989376 0.15018141238480937
-0.05004101614855157 0.15959104157074266
-0.05998986343804406 0.0498322777509413
-0.05984994594883354 0.10958415655382904
-0.06010572903701127 0.14957321793201656
-0.0698276141696929 0.04975152042119085
-0.0702841083270077 0.07021048119298033
-0.07028932122218279 0.0796989307881013
-0.07018650277008175 0.100406008946472
-0.06986306630155309 0.1096097336611077
-0.06972061522808098 0.11941184845430199
-0.0797089585581567 0.1300058924968332
-0.08963167457388703 0.06987302176936577
-0.08970868598234448 0.09023677706930434
-0.09003260306503502 0.10015573423127605
-0.09972698015632499 0.07968719257014467
-0.09980254911941477 0.11986438530046112
-0.10040538130168337 0.13992412680250063
-0.11021494499304252 0.029981868981386314
-0.1105042780283893 0.05010364857711402
-0.11029198415202852 0.06996690954302187
-0.10998264620364089 0.07960966057465957
-0.11008066236276773 0.08955196720224545
-0.11014385642346274 0.10029999431396253
-0.10946236342554554 0.11007738059345824
-0.12036807876713868 0.03991906553690429
-0.11944307405187922 0.049982734386909144
-0.12044021045399946 0.059912611131450834
-0.11945405371965673 0.07034286469419337
-0.12963645323518302 0.11052771155434574
-0.1406535555807862 0.049934665673359406
-0.13950619498469424 0.11045035574461773
-0.1493000521813484 0.03992695509398795
-0.15034156901818505 0.10006057853809341
-0.15044264000696295 0.11035708210366274
-0.15056602405347072 0.12036142400772251
-0.14940145971301394 0.1299061854318931
-0.15960563702947617 0.06980079883326226
-0.16998388588617888 0.030037188399461623
-0.1706352781492755 0.049843021776028854
-0.16968767793854003 0.05971576577635671
-0.1692355519736306 0.07008209299711977
-0.16968586195741137 0.10036889580176973
-0.16970353841441785 0.10964428162685926
-0.16992605013310794 0.13948795230265887
-0.17998350789531464 0.03981676005687437
-0.18082263105652552 0.07025005349745285
-0.1804487741183676 0.10017677088299665
-0.18074348953703323 0.14060705337396093
-0.19089268720435354 0.030110772251154744
-0.19046109060053784 0.03990821192201986
-0.19074637178831835 0.10045014565843312
-0.1997333623718525 0.050081644974864566
-0.1998209188465441 0.08011222146704301
-0.20076485200789923 0.08987625335215522
-0.20001224970224282 0.10019054541334262
-0.19996272109481641 0.11969701541416475
-0.2091479013133553 0.04016661527010391
-0.21100555773016796 0.1200181661074623
-0.20916702750517507 0.12945900867947044
-0.2210683282821473 0.039834454428550325
-0.21900531855762698 0.07023605123790655
-0.2197526767003658 0.0896395806008191
-0.21994916566234 0.10036837387519817
-0.22964169655502964 0.04018527716982808
-0.2289652103801282 0.04986670402562303
-0.22983624547278178 0.06975677268777067
-0.23909974517056626 0.07961294736582987
-0.23970858875767853 0.11013383179080015
-0.26053990733500404 0.04003409377139224
-0.25874513291715834 0.07014082470099223
-0.27052116104639906 0.07000880481858883
-0.27975340962608664 0.01002426760309417
-0.27974571870773357 0.020019342169892557
-0.28020611173969345 0.030047074162382906
-0.2790249982429371 0.039989584218812685
-0.28003700700821654 0.05999978551588835
-0.28133370682676784 0.08957679985351001
-0.2803345895713139 0.11034058422084889
-0.2895455331600086 0.019943983379730603
-0.2901981153826386 0.03009441973259027
-0.29111471711362585 0.07016708245126874
-0.29094455137709774 0.07979311163528342
-0.29058054680917816 0.12022957887901496
-0.29918082167827637 0.0
-0.299809453448854 0.019914666973396344
-0.2989021092766808 0.040183194701746
-0.29861393502285766 0.06973058598284142
-0.30144868994755547 0.0900581320730732
-0.3105262157675299 0.009976126212129482
-0.3102296066889619 0.02007632713459556
-0.3102467160259566 0.030099756733742638
-0.3106349515051419 0.06000424517674764
-0.3089247640134438 0.06968555158829952
-0.30900734313393213 0.07965411998467455
-0.3209891155792713 0.04002217568496592
-0.3198136623599118 0.0701971832388185
-0.321268954178131 0.07961621481054194
-0.32080807739795586 0.08966390925768922
-0.32052843537883247 0.10013996282900046
-0.3300924244171075 0.010023274495197465
-0.32872500246187425 0.06025307560328533
-0.3416323239878131 0.040020552162217046
-0.3396555020340132 0.059861807827135724
-0.33983597411869676 0.08998376533555096
-0.34151374988378314 0.10024656859291677
-0.3508725813747962 0.01995519136478161
-0.35144384030903536 0.04019076276698287
-0.34967575828581643 0.05974831130017045