95% Confidence Interval: 118 ± 1.82

99.428653717 ,
105.583190918 ,
106.359004974 ,
108.525753021 ,
103.6028862 ,
109.477043152 ,
103.063106537 ,
106.524467468 ,
104.10451889 ,
109.063148499 ,
102.580070496 ,
106.795787811 ,
105.479717255 ,
110.945701599 ,
104.775428772 ,
112.355232239 ,
104.31432724 ,
108.858585358 ,
120.542526245 ,
127.755641937 ,
122.337818146 ,
139.214515686 ,
122.320175171 ,
145.33662796 ,
122.107505798 ,
140.57970047 ,
109.747886658 ,
127.749443054 ,
111.213207245 ,
125.601291656 ,
107.54108429 ,
120.99647522 ,
108.397006989 ,
118.496894836 ,
104.36964035 ,
113.787174225 ,
107.878684998 ,
118.003845215 ,
111.98425293 ,
135.073661804 ,
114.842891693 ,
146.657943726 ,
114.700317383 ,
153.082370758 ,
115.944862366 ,
149.880409241 ,
105.466365814 ,
138.723373413 ,
107.914924622 ,
137.723922729 ,
105.085849762 ,
133.948326111 ,
107.47718811 ,
133.96024704 ,
104.501724243 ,
130.699634552 ,
107.797145844 ,
124.208450317 ,
132.18164444 ,
138.909339905 ,
133.463382721 ,
149.425983429 ,
133.307933807 ,
154.892921448 ,
122.38407135 ,
150.162696838 ,
114.496231079 ,
137.214660645 ,
102.338314056 ,
129.7955513 ,
103.937625885 ,
127.767562866 ,
99.7080802917 ,
122.954368591 ,
107.607841492 ,
121.952533722 ,
122.929096222 ,
118.245601654 ,
116.730213165 ,
125.639915466 ,
109.270572662 ,
128.839969635 ,
118.51644516 ,
134.29069519 ,
114.125728607 ,
129.53042984 ,
114.27116394 ,
126.121997833 ,
109.846115112 ,
121.366500854 ,
111.37008667 ,
119.174003601 ,
106.682777405 ,
113.777160645 ,
106.970787048 ,
107.577800751 ,
105.513095856 ,
115.714550018 ,
101.76897049 ,
124.755859375 ,
105.487346649 ,
136.398792267 ,
115.409851074 ,
142.83323288 ,
112.031936646 ,
137.82119751 ,
113.059043884 ,
135.583877563 ,
108.694076538 ,
130.428791046 ,
111.286640167 ,
129.683017731 ,
108.214378357 ,
126.059055328 ,
110.647201538 ,
125.063896179 ,
107.570648193 ,
116.240501404 ,
112.902641296 ,
119.045257568 ,
115.317344666 ,
131.062507629 ,
114.717960358 ,
137.934684753 ,
114.689826965 ,
134.456634521 ,
103.515625 ,
122.485637665 ,
105.783939362 ,
121.469974518 ,
102.50711441 ,
117.939949036 ,
105.888366699 ,
117.767333984 ,
103.815555573 ,
115.250587463 ,
109.608650208 ,
109.763622284 ,
129.312515259 ,
136.211395264 ,
134.196281433 ,
148.65398407 ,
133.529663086 ,
155.329227448 ,
122.412204742 ,
151.779174805 ,
114.430427551 ,
139.880180359 ,
102.782249451 ,
128.015041351 ,
105.274677277 ,
127.630233765 ,
101.880073547 ,
123.651027679 ,
104.394435883 ,
122.511386871 ,
101.275920868 ,
113.98267746 ,
112.99943924 ,
119.702339172 ,
115.154743195 ,
132.175445557 ,
115.451812744 ,
139.182567596 ,
117.111206055 ,
135.338306427 ,
106.374263763 ,
123.267173767 ,
109.537124634 ,
122.91097641 ,
106.384277344 ,
119.086265564 ,
108.626365662 ,
117.539405823 ,
105.499744415 ,
113.299369812 ,
105.793952942 ,
107.141494751 ,
101.300239563 ,
110.499858856 ,
96.9104766846 ,
114.152431488 ,
106.97889328 ,
120.373725891 ,
103.143215179 ,
115.696907043 ,
106.30273819 ,
113.627910614 ,
119.347572327 ,
116.751670837 ,
109.442234039 ,
117.322921753 ,
115.303993225 ,
110.917568207 ,
105.504989624 ,
111.82641983 ,
107.624530792 ,
117.775917053 ,
 112.439155579 ,
 136.649608612 