95% Confidence Interval: 149 ± 1.84

98.6380577087 ,
105.066299438 ,
104.39157486 ,
110.446929932 ,
102.43844986 ,
110.064029694 ,
123.398780823 ,
128.242969513 ,
127.147674561 ,
125.915527344 ,
133.141040802 ,
137.067317963 ,
143.654823303 ,
142.666339874 ,
149.816989899 ,
153.469085693 ,
153.594970703 ,
171.096324921 ,
154.611110687 ,
178.029537201 ,
159.122467041 ,
172.051429749 ,
153.991222382 ,
158.271312714 ,
150.245189667 ,
157.074451447 ,
164.688110352 ,
160.744190216 ,
153.384208679 ,
157.7501297 ,
149.053573608 ,
155.644893646 ,
162.525177002 ,
158.457279205 ,
154.587745667 ,
161.061763763 ,
150.895595551 ,
171.74577713 ,
152.454376221 ,
178.698539734 ,
158.847332001 ,
174.042224884 ,
153.972625732 ,
160.720348358 ,
151.099205017 ,
155.177116394 ,
161.956310272 ,
161.162376404 ,
150.24471283 ,
159.71326828 ,
149.972915649 ,
151.44109726 ,
156.56375885 ,
157.97996521 ,
154.389858246 ,
155.469417572 ,
150.386333466 ,
165.079116821 ,
152.797222137 ,
173.067092896 ,
157.21321106 ,
171.145915985 ,
150.548458099 ,
163.743019104 ,
151.917457581 ,
161.580085754 ,
158.467292786 ,
167.288303375 ,
157.53698349 ,
157.465457916 ,
156.024456024 ,
158.992767334 ,
143.77784729 ,
154.757499695 ,
144.34671402 ,
144.369125366 ,
148.42748642 ,
161.640167236 ,
139.96219635 ,
159.428119659 ,
136.281490326 ,
144.917011261 ,
131.439685822 ,
141.355991364 ,
139.966487885 ,
133.107185364 ,
138.861656189 ,
139.448165894 ,
139.251232147 ,
148.890972137 ,
149.101257324 ,
157.311439514 ,
147.668838501 ,
148.431777954 ,
141.506195068 ,
151.612758636 ,
146.38710022 ,
169.941425323 ,
137.328624725 ,
166.781425476 ,
135.677337646 ,
153.249740601 ,
138.039112091 ,
138.803958893 ,
137.113571167 ,
139.238834381 ,
135.978221893 ,
145.973205566 ,
144.89364624 ,
145.55978775 ,
152.364253998 ,
154.514312744 ,
140.563488007 ,
150.7396698 ,
142.358779907 ,
142.279148102 ,
147.297859192 ,
160.7837677 ,
138.569831848 ,
157.465934753 ,
144.006252289 ,
136.264324188 ,
132.71188736 ,
142.603397369 ,
142.185688019 ,
134.665966034 ,
141.03937149 ,
141.932010651 ,
143.001556396 ,
153.570652008 ,
161.284923553 ,
153.583049774 ,
151.451587677 ,
152.160167694 ,
146.026134491 ,
155.740737915 ,
149.35541153 ,
172.68037796 ,
139.630317688 ,
168.524742126 ,
137.058258057 ,
153.826713562 ,
139.39666748 ,
141.694545746 ,
140.207290649 ,
141.39175415 ,
139.089584351 ,
148.17905426 ,
147.104740143 ,
148.794651031 ,
155.959606171 ,
156.698226929 ,
143.80979538 ,
153.503417969 ,
144.371509552 ,
145.23267746 ,
147.915840149 ,
162.631034851 ,
138.617515564 ,
158.769130707 ,
135.04743576 ,
144.005298615 ,
129.490852356 ,
139.217376709 ,
137.714862823 ,
130.705833435 ,
138.744354248 ,
139.25743103 ,
140.432357788 ,
150.1994133 ,
158.058643341 ,
150.771141052 ,
147.877693176 ,
148.968696594 ,
141.267776489 ,
151.18265152 ,
146.208286285 ,
170.857906342 ,
137.519836426 ,
167.760372162 ,
135.492324829 ,
154.480457306 ,
141.356468201 ,
141.297340393 ,
135.614395142 ,
138.449192047 ,
144.084453583 ,
144.641399384 ,
143.747806549 ,
152.555942535 ,
151.304721832 ,
153.101444244 ,
158.34569931 ,
159.833908081 ,
156.497001648 ,
162.86611557 ,
151.777744293 ,
172.315597534 ,
153.153896332 ,
179.227828979 


