95% Confidence Interval: 157 ± 1.06

131.872177124 ,
142.718791962 ,
150.187015533 ,
151.122570038 ,
144.504070282 ,
152.426719666 ,
152.603626251 ,
158.642292023 ,
149.049758911 ,
157.400608063 ,
155.745506287 ,
152.296543121 ,
143.54801178 ,
152.497768402 ,
146.730422974 ,
154.019355774 ,
156.124591827 ,
170.928955078 ,
147.138118744 ,
167.87815094 ,
155.241012573 ,
148.692131042 ,
144.478797913 ,
145.125865936 ,
144.846439362 ,
154.673099518 ,
154.158115387 ,
166.586875916 ,
150.56180954 ,
162.466526031 ,
151.621818542 ,
159.935951233 ,
160.039424896 ,
167.197227478 ,
157.840251923 ,
159.602642059 ,
154.608249664 ,
169.96383667 ,
145.930767059 ,
167.343616486 ,
153.999328613 ,
153.088569641 ,
148.424625397 ,
149.047851562 ,
150.871276855 ,
154.819011688 ,
161.337852478 ,
167.511463165 ,
159.285068512 ,
164.964199066 ,
151.77822113 ,
164.062023163 ,
166.475772858 ,
162.529945374 ,
158.495426178 ,
165.330410004 ,
148.355484009 ,
163.477897644 ,
141.363143921 ,
162.081241608 ,
147.971153259 ,
157.037734985 ,
145.246982574 ,
155.069828033 ,
147.311687469 ,
157.015323639 ,
160.786628723 ,
167.187213898 ,
156.740665436 ,
162.838935852 ,
160.566329956 ,
158.225059509 ,
162.040233612 ,
170.520782471 ,
161.560535431 ,
161.454677582 ,
157.234668732 ,
170.876026154 ,
146.31652832 ,
165.533065796 ,
150.938510895 ,
144.374847412 ,
141.968250275 ,
149.622917175 ,
142.368793488 ,
151.19600296 ,
157.856464386 ,
161.123275757 ,
149.408817291 ,
157.509326935 ,
150.867938995 ,
150.987148285 ,
157.549858093 ,
158.05721283 ,
150.392055511 ,
160.239219666 ,
162.999153137 ,
169.570446014 ,
153.383731842 ,
165.531158447 ,
150.159835815 ,
150.83360672 ,
152.763366699 ,
156.167984009 ,
165.373325348 ,
167.763710022 ,
164.485454559 ,
165.122032166 ,
147.028446198 ,
154.057025909 ,
146.076202393 ,
156.725883484 ,
161.714553833 ,
169.122695923 ,
160.654067993 ,
160.959243774 ,
156.841754913 ,
162.915229797 ,
160.651683807 ,
169.523715973 ,
154.510974884 ,
163.030147552 ,
148.49615097 ,
150.928020477 ,
149.331569672 ,
156.877994537 ,
153.251647949 ,
148.249149323 ,
146.938800812 ,
150.837421417 ,
154.428958893 ,
156.930446625 ,
153.055667877 ,
163.659095764 ,
161.135673523 ,
168.715000153 ,
155.736923218 ,
176.758766174 ,
150.011539459 ,
174.279689789 ,
148.499965668 ,
159.802913666 ,
142.695903778 ,
147.733688354 ,
146.998882294 ,
154.084682465 ,
161.451339722 ,
161.325931549 ,
150.483131409 ,
158.560752869 ,
149.545669556 ,
159.456253052 ,
159.947395325 ,
172.215461731 ,
156.044006348 ,
162.146568298 ,
151.98135376 ,
163.654327393 ,
155.571937561 ,
169.270038605 ,
153.63740921 ,
168.54763031 ,
156.696796417 ,
162.86277771 ,
156.438350677 ,
161.937713623 ,
153.851985931 ,
157.109737396 ,
157.258033752 ,
157.355308533 ,
147.390842438 ,
155.103683472 ,
151.847362518 ,
156.304836273 ,
163.928031921 ,
162.036418915 ,
160.058021545 ,
169.340133667 ,
153.872013092 ,
168.787956238 ,
162.024974823 ,
158.897399902 ,
146.527767181 ,
150.887966156 ,
145.539283752 ,
154.464244843 ,
148.711681366 ,
162.278175354 ,
153.414726257 ,
162.467002869 ,
149.551868439 ,
167.807579041 ,
165.155410767 ,
160.493373871 ,
161.412239075 ,
162.227630615 ,
156.826972961 ,
163.279533386 ,
151.775836945 ,
162.971496582 