95% Confidence Interval: 252 ± 2.44

216.773033142 ,
222.334384918 ,
216.240882874 ,
224.826812744 ,
213.769435883 ,
225.563526154 ,
214.41078186 ,
226.637840271 ,
217.183113098 ,
227.59771347 ,
210.055828094 ,
219.257354736 ,
209.57326889 ,
215.676784515 ,
206.986427307 ,
218.047142029 ,
220.161914825 ,
227.277755737 ,
235.036849976 ,
242.855072021 ,
223.541736603 ,
227.444648743 ,
216.137886047 ,
236.699104309 ,
219.32888031 ,
231.00233078 ,
242.249011993 ,
247.934341431 ,
242.140293121 ,
238.968372345 ,
238.90542984 ,
248.936653137 ,
240.246295929 ,
263.873100281 ,
251.818656921 ,
271.460056305 ,
259.803295135 ,
282.279968262 ,
262.07447052 ,
290.399551392 ,
266.300201416 ,
289.999485016 ,
260.95867157 ,
283.793449402 ,
263.357639313 ,
282.976150513 ,
260.161399841 ,
278.684139252 ,
252.052307129 ,
277.490615845 ,
262.722492218 ,
279.567241669 ,
264.604568481 ,
278.903961182 ,
257.447242737 ,
277.435302734 ,
260.918617249 ,
286.713123322 ,
251.501083374 ,
283.106803894 ,
246.477603912 ,
267.520427704 ,
252.843856812 ,
250.665187836 ,
243.728160858 ,
249.545574188 ,
237.044811249 ,
242.252826691 ,
239.576816559 ,
237.31803894 ,
244.106769562 ,
249.58896637 ,
248.534679413 ,
267.48418808 ,
240.460395813 ,
263.557910919 ,
243.873596191 ,
264.685630798 ,
244.518756866 ,
271.167755127 ,
249.921798706 ,
265.773296356 ,
252.22158432 ,
255.306720734 ,
243.679523468 ,
254.634857178 ,
243.430614471 ,
243.672370911 ,
242.694854736 ,
245.710372925 ,
253.664493561 ,
253.238201141 ,
258.749008179 ,
271.754741669 ,
249.876022339 ,
268.413066864 ,
246.823310852 ,
271.063804626 ,
248.180389404 ,
277.835845947 ,
252.83575058 ,
276.399612427 ,
256.831645966 ,
268.529415131 ,
255.155086517 ,
266.096115112 ,
254.586696625 ,
262.199878693 ,
254.475593567 ,
260.062217712 ,
260.87141037 ,
263.996124268 ,
263.753414154 ,
281.223297119 ,
253.7317276 ,
277.060031891 ,
249.03678894 ,
277.671813965 ,
239.284992218 ,
273.944854736 ,
236.813545227 ,
260.497570038 ,
247.692108154 ,
242.344856262 ,
241.858959198 ,
249.909877777 ,
230.386257172 ,
246.047973633 ,
236.290931702 ,
232.355117798 ,
239.558696747 ,
247.867584229 ,
244.396209717 ,
265.768527985 ,
246.86384201 ,
273.74124527 ,
250.402450562 ,
272.85861969 ,
244.672775269 ,
272.72605896 ,
250.22315979 ,
268.126964569 ,
253.414154053 ,
254.752159119 ,
243.974685669 ,
253.69977951 ,
242.116451263 ,
242.72108078 ,
241.892337799 ,
244.376659393 ,
252.712249756 ,
251.986980438 ,
258.19683075 ,
271.584510803 ,
250.008106232 ,
268.644809723 ,
247.131347656 ,
271.437644958 ,
248.689174652 ,
279.631614685 ,
253.410339355 ,
277.47631073 ,
258.057117462 ,
270.758628845 ,
256.001472473 ,
267.963409424 ,
254.905223846 ,
263.295650482 ,
253.300189972 ,
261.046886444 ,
262.239933014 ,
262.793064117 ,
266.283035278 ,
280.799865723 ,
263.859272003 ,
276.786327362 ,
259.680271149 ,
278.412342072 ,
249.843120575 ,
274.174213409 ,
246.521472931 ,
259.685516357 ,
245.28169632 ,
250.828742981 ,
249.79019165 ,
246.976852417 ,
237.536430359 ,
242.235183716 ,
233.394145966 ,
238.750934601 ,
243.971824646 ,
242.122650146 ,
249.053478241 ,
260.702133179 ,
251.705169678 ,
268.623828888 ,
249.704837799 ,
268.297672272 ,
244.198799133 ,
268.081188202 