77.4047,34.762,3.5437,0.2002,0.1185,-30.7767,58.2055,10.5048,4.6324,299.492,g
142.74,92.8384,4.0558,0.0979,0.0527,-173.8,-78.1944,65.9667,51.7033,367.575,h
13.3786,10.4786,2.2516,0.7955,0.4006,-14.9499,-1.9838,11.9014,77.826,138.523,g
89.8999,28.158,3.6759,0.2183,0.1134,1.7251,-7.2309,20.1197,0.128,362.793,g
24.5566,9.6981,2.3971,0.5491,0.3226,12.9348,-13.8015,5.6128,15.6504,221.256,g
51.4762,42.8406,3.0552,0.207,0.1096,47.4713,41.4457,-32.4454,11.0336,268.502,h
29.1819,8.9596,2.5486,0.5994,0.3376,16.3719,14.6698,-4.0194,65.0487,91.7521,h
227.879,119.071,4.4173,0.049,0.0252,-174.431,-223.334,-53.7775,40.641,241.448,h
177.716,65.2206,3.8641,0.0723,0.0456,-267.223,-158.457,-63.8029,39.6158,196.678,h
37.7253,16.6038,2.7716,0.2758,0.1497,19.6874,33.9511,7.8238,15.834,256.048,g
26.757,17.0444,2.6599,0.3895,0.2046,20.9405,24.6741,11.5351,1.9337,140.081,g
52.6722,25.3677,3.2845,0.227,0.1197,14.1404,38.0266,-11.9225,7.2741,116.695,g
78.4795,59.1315,3.5101,0.2271,0.1046,30.4849,-55.5318,28.2836,27.8927,372.4795,h
56.4648,21.427,2.8354,0.3404,0.1863,69.4148,45.3855,-22.4062,1.16,285.422,h
46.9391,17.3862,3.1515,0.2554,0.1337,20.9516,34.8408,-4.2699,0.8525,228.667,g
69.6579,25.3342,2.9738,0.2974,0.1492,16.4035,67.5653,-14.5996,64.6319,151.41,h
31.5473,16.5484,2.5993,0.3371,0.2,-1.0313,-21.8471,11.3766,10.6245,196.962,g
41.8364,20.2518,2.8698,0.2537,0.137,-14.0923,32.9319,-13.6728,20.879,180.146,g
27.8546,16.5647,2.882,0.4173,0.2277,-12.7839,-19.3784,9.745,4.1367,213.389,g
101.236,18.7607,2.8516,0.2745,0.1414,-56.2555,-70.376,-5.4218,81.3618,154.153,h
78.5721,32.4639,3.0228,0.2429,0.158,-95.6297,51.029,-28.5963,9.643,329.541,g
60.7883,27.5272,2.8868,0.2336,0.1201,88.6317,-19.3902,13.1675,5.097,237.768,g
174.353,76.7792,3.2926,0.154,0.0808,-97.9348,-191.937,44.7443,8.0578,183.907,h
36.1991,0.7291,2.0783,0.7007,0.3782,-25.4511,-17.9863,-0.7753,9.5051,135.8077,h
97.854,30.699,3.9531,0.1298,0.0657,55.569,79.7741,-17.748,2.4052,290.111,g
26.1687,20.7041,2.7308,0.3178,0.1942,4.1295,-18.4828,4.8895,64.571,166.01,g
17.5926,16.034,2.2175,0.6182,0.3667,1.7766,15.3561,-11.0044,34.553,159.92,g
58.0284,18.9179,3.32,0.2924,0.1486,23.5279,52.4075,10.9606,4.187,219.692,g
63.7085,38.5389,3.3946,0.1165,0.0586,33.4749,51.8604,21.4838,28.387,179.017,g
144.7233,35.266,2.8498,0.303,0.1975,-182.5594,98.6607,-27.6145,22.6646,351.2214,h
26.7491,15.7483,2.5384,0.4052,0.2388,36.8381,10.5625,-14.7727,47.68,235.199,h
34.8534,6.6139,2.5353,0.5306,0.2668,-49.8274,21.7595,3.1,1.207,280.666,g
23.4278,17.2986,2.6885,0.3238,0.1731,-51.7326,31.0212,16.9531,18.8023,253.4374,h
52.5524,24.608,3.035,0.2499,0.1298,79.382,36.5518,-18.3155,8.7447,289.8964,h
59.5176,11.3952,2.5545,0.3961,0.2385,-44.6622,40.8819,8.1006,1.121,296.184,g
47.0589,12.5805,2.7675,0.2938,0.1529,59.694,-25.0953,-9.1615,15.2609,81.9486,g
24.2743,10.6304,2.6772,0.5237,0.2955,7.8475,20.6559,-1.8926,14.3837,207.386,h
57.6987,12.6457,3.0208,0.2622,0.1444,47.1461,41.8048,-9.8324,61.611,224.976,h
213.4886,83.705,3.5707,0.1343,0.0748,-212.6945,-96.2903,-78.2844,46.0347,157.1545,h
58.6077,18.0167,2.8166,0.2578,0.1335,59.9861,38.1032,8.4731,0.256,241.974,g
24.6827,7.1835,2.4713,0.723,0.4341,16.0537,19.1735,-8.0257,79.778,224.341,h
30.694,22.0026,2.617,0.285,0.163,-6.887,20.2385,19.8442,37.1267,127.82,g
176.672,26.016,2.9474,0.3025,0.2003,-206.639,107.279,12.3957,39.9259,307.333,h
63.6129,16.7516,2.7653,0.2884,0.1554,39.5165,59.6089,12.2337,1.1868,247.397,g
16.854,11.1091,2.3243,0.6209,0.3294,4.1559,-8.7134,6.449,4.875,239.226,g
65.6591,30.9807,3.1896,0.2087,0.1205,-29.279,-64.9592,-19.513,69.6301,157.981,h
34.6337,7.1569,2.5971,0.5613,0.2819,11.8635,27.6383,-5.0869,8.051,207.105,h
38.8369,6.5104,2.2402,0.7878,0.487,4.4262,2.5094,-4.4784,16.1763,193.5013,h
50.3888,18.1494,2.642,0.3056,0.1676,0.7236,-19.0636,4.0448,4.4298,131.81,g
51.2581,21.3086,2.7709,0.2729,0.1805,49.7429,33.7075,-14.0483,5.1346,128.682,g
25.1526,0,2.1599,0.7405,0.4671,24.187,18.1689,0,61.216,237.147,g
25.7828,11.8424,2.7508,0.4602,0.2261,19.5791,15.7364,-8.1274,2.0598,95.7006,h
27.7292,18.7377,2.4048,0.4773,0.2597,46.0445,-22.4621,-14.4089,21.838,93.7198,h
106.928,28.3591,2.9602,0.2367,0.12,134.593,82.4446,19.9628,15.5374,300.546,h
46.4535,10.4535,2.9278,0.3632,0.1641,2.929,25.7969,-3.7359,13.748,257.7404,h
202.829,73.9967,4.3622,0.0678,0.0364,-66.4079,-159.354,-21.2584,76.113,348.978,h
37.6176,7.781,2.9171,0.2652,0.167,23.8983,36.9596,15.7808,70.2243,258.2984,h
32.6604,7.1437,2.4479,0.5847,0.4153,-15.2184,-27.1046,6.3228,86.9062,124.226,h
52.385,39.3619,3.0348,0.1716,0.0835,-14.1773,-52.7253,-26.9833,72.0321,171.9525,h
66.0896,16.8242,2.9413,0.4213,0.2181,14.5258,71.255,7.1436,8.2426,220.549,g
24.336,12.9765,2.3463,0.5901,0.3706,17.3496,26.0999,-2.5712,81.653,122.6304,h
92.0485,7.3373,2.3962,0.5984,0.3313,94.5318,48.8574,-2.9613,58.0538,183.302,h
33.8326,20.1962,2.5302,0.295,0.1549,-10.8243,26.4743,-18.8533,24.9945,202.762,g
23.807,10.0712,2.4289,0.5624,0.3184,7.3563,16.856,-7.645,10.378,216.895,g
90.0058,33.8737,3.6342,0.1333,0.0686,43.3035,78.6621,36.1917,2.058,180.799,g
45.7594,31.4493,2.923,0.1648,0.0854,-33.0647,-31.0978,5.5287,36.1302,142.638,h
34.1859,14.1638,2.3655,0.4138,0.2306,26.5312,-21.1343,-6.5031,8.894,163.346,g
94.2137,34.1015,3.8824,0.1276,0.0775,-64.6807,73.5551,16.406,1.2801,265.757,g
77.8656,32.3037,3.5645,0.2129,0.1168,48.0801,79.9021,11.5384,1.775,314.071,g
24.8738,19.3399,2.7675,0.3194,0.1648,24.2257,-13.6964,-11.409,31.2269,68.9708,g
141.093,38.294,3.3708,0.1205,0.0637,127.643,76.9987,-41.4397,70.897,234.758,h
102.814,24.6349,2.889,0.3602,0.2163,-118.404,73.4539,25.7711,3.458,223.154,g
32.4023,18.5031,2.791,0.3803,0.2387,-15.8229,-22.8882,16.415,17.5095,135.167,g
69.254,34.3016,3.1916,0.1173,0.1132,-30.2818,73.8184,21.3775,24.9091,279.9318,h
19.7551,14.5851,2.6345,0.5336,0.3028,-20.3719,-15.006,8.1704,58.335,101.027,g
93.4082,25.7074,2.9841,0.2448,0.1302,-7.9169,58.8619,22.6488,1.7356,321.954,g
39.6308,16.3212,3.1149,0.287,0.15,3.3051,21.604,-5.4977,3.026,161.4,g
59.3778,18.3907,2.7118,0.3165,0.1738,-70.3242,-29.9143,-13.9255,8.789,256.883,g
18.4116,10.5337,2.5694,0.5391,0.2871,-24.2303,-8.4522,-2.6289,26.715,234.499,h
16.5057,13.608,2.2253,0.5356,0.3059,4.893,-28.4937,8.8944,11.851,91.6204,h
22.3879,17.2695,2.7427,0.4231,0.2667,4.3399,19.8514,7.8956,54.7485,121.963,h
91.4284,11.6951,2.3838,0.4504,0.2541,107.975,-48.6659,5.9048,64.576,216.72,h
80.5586,64.2804,3.1732,0.2477,0.1292,10.3769,23.0058,37.9395,33.0457,282.887,h
66.1331,25.9259,3.1984,0.1495,0.075,42.2957,50.5528,-12.7104,11.5159,160.519,g
87.3122,31.0349,3.672,0.1986,0.1063,-41.5705,47.773,-13.7868,1.902,358.097,g
124.8407,84.5275,3.8424,0.1766,0.0871,-28.1677,-105.7774,29.7997,44.333,417.0261,h
29.669,19.4103,2.5521,0.4011,0.223,-22.4237,-21.0367,-13.4138,12.24,232.553,g
28.8538,16.1898,2.4728,0.5017,0.3418,26.6283,18.2376,11.4087,11.6565,79.0811,g
35.5577,24.3995,2.8119,0.2591,0.1303,6.2848,-21.9429,17.7932,3.314,280.751,g
36.6668,22.2536,2.6415,0.3333,0.1952,-9.8802,-30.394,15.1385,57.928,255.922,h
27.71,6.6551,2.6514,0.5523,0.3342,18.4418,-5.5253,6.7768,29.3522,165.7713,h
25.9751,6.0889,2.6402,0.6568,0.3438,27.3088,15.6104,2.1324,19.6156,161.3214,h
63.0082,26.638,3.4625,0.1929,0.0799,47.392,43.4272,10.4725,57.8684,34.4071,h
30.2441,25.8384,3.1474,0.2977,0.1492,-9.0967,-32.5838,10.7054,75.1662,215.265,g
76.1909,29.7032,3.5078,0.1068,0.0573,-117.196,48.078,-19.0207,1.64,242.437,g
88.4421,18.0686,3.2521,0.2754,0.1641,63.4411,73.5904,-13.2573,2.1049,228.522,h
17.8482,14.1357,2.4338,0.5746,0.3554,7.7816,-15.7915,-7.7301,15.518,174.213,g
30.2724,17.0073,2.5982,0.3354,0.1803,-1.8758,-6.787,-12.6971,0.4079,156.863,g
30.129,14.4008,2.4778,0.4359,0.2646,12.252,19.4426,8.1622,34.0607,191.028,g
19.4819,18.1986,2.233,0.5614,0.2895,-27.0484,11.9733,-17.5549,36.406,89.6618,g
15.2463,13.9656,2.4343,0.6239,0.3178,-40.0212,6.7776,-7.6091,88.9297,149.3363,h
90.5299,17.8721,3.033,0.2122,0.108,-57.417,84.6189,14.9662,2.039,272.038,g
86.6506,26.9587,3.2885,0.3926,0.1864,25.6747,-34.3385,12.2096,20.8951,359.8186,h
240.94,54.7317,3.5379,0.0977,0.05,-174.756,-252.576,-42.4076,1.076,210.068,h
33.7801,14.7812,2.4378,0.4526,0.2646,-34.2524,-19.3872,-10.7488,66.755,144.69,h
24.848,12.0353,2.4654,0.4247,0.2243,-8.3562,7.9139,-8.3771,39.8891,181.353,g
20.5839,12.8876,2.4191,0.4724,0.2648,12.5054,12.7741,-8.1001,26.586,199.96,g
25.0418,12.4918,2.5676,0.4898,0.2751,-9.9118,-16.346,-10.247,72.807,207.1403,h
79.1585,26.406,3.7561,0.1594,0.092,-81.2995,63.6223,-9.7485,1.975,260.012,g
121.9922,49.4191,3.5037,0.1779,0.1374,-92.3146,41.9003,20.227,12.9456,327.1798,h
82.1714,29.0898,3.6005,0.1989,0.1178,-47.2642,63.5925,-23.7164,0.1989,293.883,g
21.9255,12.665,2.3664,0.5204,0.2774,17.6315,12.2922,-5.17,4.941,226.152,g
37.1464,21.6205,3.3506,0.2502,0.1296,2.7761,28.1556,-12.9581,1.705,78.1894,g
25.5211,12.6563,2.4669,0.3925,0.2065,-18.4732,-12.2247,-5.5906,83.4925,226.883,h
16.2353,11.6609,2.2601,0.6044,0.3049,1.8728,-6.0473,2.518,87.5679,44.9558,g
32.7377,16.3811,2.9337,0.311,0.166,22.3459,17.2871,-8.9872,15.842,200.285,g
16.0964,10.9584,2.356,0.6872,0.4295,4.0339,-4.5897,8.8141,84.2938,221.189,g
59.8073,19.6358,3.2693,0.1974,0.1041,20.7142,35.1619,10.5507,0.466,230.68,g
20.419,10.4451,2.4265,0.6479,0.3315,-5.5089,16.6211,5.8879,39.3763,261.466,h
40.3125,10.746,2.5185,0.397,0.2197,41.248,25.6374,-5.6343,50.348,221.748,h
24.5729,8.7188,2.643,0.6553,0.3811,5.5341,18.7508,-8.9839,14.7342,238.229,h
66.1075,11.957,2.9432,0.2689,0.1578,14.5861,54.47,-8.0502,47.6322,232.857,h
12.8548,9.5385,2.2867,0.8165,0.5866,-10.7293,-9.3624,-8.5784,73.8778,99.625,g
32.5272,7.8167,2.2244,0.5966,0.3714,-16.2717,-13.8055,1.8874,19.3327,194.0103,h
219.765,83.9226,3.2147,0.227,0.1263,-276.3182,-136.6972,66.7513,47.0808,293.7207,h
140.227,74.6445,3.6987,0.0981,0.0509,-209.157,-92.4478,-75.952,10.207,331.791,h
32.2999,20.4792,2.9939,0.2972,0.1567,-4.941,21.24,-11.404,6.4181,103.198,g
115.117,21.2907,2.8024,0.3262,0.1726,84.1382,54.405,-8.4278,71.01,95.7596,h
19.2624,18.1898,2.4158,0.5605,0.3589,-11.8464,-17.6264,-9.6021,56.5669,72.8908,g
35.7191,7.2727,2.638,0.4649,0.2428,-1.6165,17.5429,-4.1776,62.918,87.8689,h
21.3241,10.3572,2.2227,0.5689,0.3204,-4.2531,16.4367,8.393,40.3954,249.433,g
31.011,0.0033,2.243,0.5886,0.3514,-13.0285,-16.855,0.0001,15.774,95.5705,g
25.8414,18.4628,2.5927,0.4138,0.2465,10.0019,19.5856,-13.5796,26.1088,63.177,g
21.6024,15.3985,2.4639,0.5017,0.2904,22.9079,15.7249,8.077,8.9044,191.291,g
17.8219,16.2279,2.3664,0.4903,0.2817,8.0925,-16.9333,-8.1726,80.6581,104.904,h
53.3449,13.6422,2.9626,0.3117,0.1662,62.9103,36.9502,-8.922,48.2938,238.475,h
38.9589,22.2936,2.798,0.2659,0.1393,-10.7617,-22.966,15.807,20.615,182.32,g
43.2557,12.0269,2.5205,0.3831,0.1976,-63.8415,16.1869,-6.1091,9.697,299.406,g
34.3377,16.1589,2.9941,0.2788,0.1414,14.7366,-13.8061,10.6127,0.811,196.852,g
92.9408,20.8971,3.3017,0.3605,0.2304,30.22,-39.8772,-19.3395,20.183,364.114,h
18.4797,9.5053,2.4265,0.6742,0.4476,18.2082,14.6962,-4.3474,35.1643,240.942,h
34.4357,17.9912,2.721,0.3156,0.1625,8.8082,-19.695,-13.498,2.701,205.729,g
155.425,130.67,4.5364,0.038,0.0191,-101.842,-109.775,104.014,71.937,277.544,h
71.4573,13.4302,2.6848,0.3678,0.2345,-66.499,54.8724,10.549,6.0914,295.249,g
81.0446,25.2364,3.0874,0.2833,0.1416,50.1937,66.2168,15.5908,25.2656,215.0284,h
24.9766,15.7262,2.5635,0.5219,0.3538,20.7198,25.4249,14.3234,2.298,124.449,g
26.2623,12.1331,2.6937,0.5,0.2844,-2.1109,13.6116,-0.9647,59.639,201.879,h
47.3516,11.2472,2.7054,0.4138,0.2414,58.7,25.9334,-7.3072,6.594,224.921,g
92.6284,33.594,3.5469,0.1703,0.1134,-57.3109,62.6011,-13.1964,6.878,273.371,g
25.8427,12.104,2.5172,0.462,0.2325,6.5765,8.5877,3.6327,5.484,214.401,g
60.4391,49.7525,3.1466,0.2269,0.1159,-33.01,-60.5389,-31.5351,87.5028,216.221,h
48.5398,10.6818,2.7122,0.3569,0.1891,-37.7582,-38.1724,-7.2238,80.1871,103.869,h
60.0078,28.0342,3.1221,0.4618,0.2491,-14.0722,42.7354,-13.6216,82.948,364.9255,h
44.9886,24.3943,3.065,0.2213,0.1261,-10.3096,39.0961,15.22,6.065,157.056,g
36.9222,24.8825,2.4162,0.395,0.2398,11.574,36.5334,7.7639,40.404,124.2763,h
17.5738,10.9547,2.2765,0.5608,0.2831,2.4225,-8.4245,-4.1089,23.896,145.02,g
65.0647,15.0564,2.8932,0.3325,0.1861,31.3241,72.9835,-11.5218,8.5788,219.098,g
129.362,15.1932,3.242,0.4023,0.213,-83.1281,-136.5701,-10.6892,7.4249,304.9583,h
30.1393,12.6966,2.673,0.3524,0.1837,-6.118,9.4996,3.971,24.192,129.904,g
34.6256,18.2765,2.7611,0.4234,0.2249,31.7473,41.5082,-8.8158,87.7929,139.0769,h
22.996,12.9225,2.3054,0.5594,0.3243,-13.3852,-14.2164,-7.3609,9.5881,201.05,g
193.0409,41.4933,3.5735,0.1513,0.0983,140.1128,177.3619,-12.3078,34.766,235.0704,h
49.9223,22.3316,3.293,0.2363,0.121,6.7223,51.4013,-12.9949,6.85,240.119,g
195.3829,50.245,3.1741,0.1902,0.1271,212.0317,-148.436,-43.5186,42.7007,181.2185,h
21.1305,12.5141,2.4057,0.4676,0.2534,-26.9401,-12.1122,-10.1223,81.2274,168.833,g
56.3022,21.8228,3.0312,0.282,0.1698,45.197,42.6022,-11.2161,1.2986,232.56,g
12.641,9.2152,2.2516,0.8235,0.619,9.8947,10.0579,-7.2618,31.8219,175.094,g
56.9612,26.2149,2.8205,0.3386,0.2396,8.7576,69.3864,-13.1041,39.579,252.475,g
25.3405,24.9371,2.8937,0.3901,0.216,-16.9752,-35.9311,18.0572,14.1207,103.2957,h
57.4424,38.099,3.718,0.1656,0.0924,30.1836,35.9114,-22.0688,3.1991,88.1379,g
103.947,52.2459,2.7193,0.4103,0.2567,-84.2643,-109.254,19.2556,16.518,276.319,h
103.986,88.3068,3.7911,0.0891,0.0446,-20.9427,73.417,32.6773,55.2066,52.3304,h
21.0629,6.9493,2.0881,0.7347,0.4122,22.3653,13.108,6.1568,24.5335,141.78,g
136.5573,81.9947,4.527,0.0523,0.0295,-72.1611,71.9257,-42.9565,33.9666,268.6196,h
55.6748,22.1855,2.3683,0.5139,0.2762,-44.8512,-24.9746,10.1152,4.6566,337.901,g
84.1012,35.2129,3.6415,0.1826,0.1051,-39.9315,58.3392,28.2555,10.0766,324.815,h
34.4713,22.056,3.2102,0.2478,0.1316,12.1284,9.5699,-5.215,14.0804,133.505,g
22.3881,7.978,2.2882,0.6418,0.3604,-12.9964,-4.4094,-3.988,84.361,191.4178,h
25.0903,10.5856,2.6037,0.6276,0.3649,15.0486,16.9877,-10.8027,12.292,194.892,h
168.6169,95.4345,3.6384,0.1288,0.0565,-165.1025,-62.3979,-87.2004,31.7599,185.7593,h
90.7751,16.5854,3.1548,0.3246,0.2033,-92.1746,-23.1775,-15.575,23.585,364.7206,h
36.0439,19.7232,2.525,0.3672,0.1955,-4.0308,-15.2275,-5.254,16.3704,210.308,g
21.099,15.7969,2.5366,0.4709,0.2805,-11.8921,-14.2576,-10.12,77.795,95.5617,g
101.9251,74.4911,3.0479,0.1488,0.0852,-99.4857,-94.8429,-89.9773,1.8264,217.6671,h
43.1149,20.6045,2.9609,0.2615,0.1537,38.0039,23.6864,5.8435,2.4098,168.887,g
18.4491,7.3587,2.1945,0.8051,0.4824,3.9625,-8.2376,2.9172,42.315,135.144,g
26.4957,19.7704,2.8096,0.3364,0.1915,29.2515,21.2692,8.8332,57.543,125.776,g
52.0784,40.8296,3.4468,0.1258,0.0634,19.7963,38.9315,18.2938,5.802,140.33,g
85.2934,38.3607,3.805,0.1791,0.0972,-5.1982,72.7592,23.6211,3.104,354.787,g
40.9888,14.648,2.5384,0.3444,0.1722,26.0921,22.853,9.4005,0.5826,192.89,g
18.6233,12.6685,2.3829,0.5921,0.3375,-14.3172,-14.9123,-3.1822,85.5581,91.0776,g
81.4119,37.6561,3.9915,0.1098,0.0571,81.8419,72.8704,-28.5965,0.256,219.208,g
23.2796,16.4149,2.6646,0.4177,0.276,7.4148,17.5575,7.5244,9.5021,86.2246,g
61.2692,23.2062,3.3153,0.2153,0.1149,-10.0504,59.0903,16.3661,12.18,286.97,g
19.8566,16.7704,2.3128,0.4964,0.2701,10.7914,19.2436,-11.4497,75.356,88.7565,g
19.5793,14.6976,2.2934,0.514,0.2824,-6.8054,17.3916,-4.9889,13.17,130.918,g
303.5676,38.31,3.5777,0.1476,0.0812,-449.9526,200.3148,-19.2293,71.5012,86.0291,h
70.8471,29.3421,2.7982,0.3566,0.2122,49.4145,59.8522,-15.3116,9.3601,189.4981,h
131.466,65.7777,3.1391,0.1764,0.0897,-75.3996,-139.535,-57.979,25.926,129.876,h
13.1297,10.4188,2.437,0.7861,0.4954,13.0041,5.8187,-10.2744,17.901,195.466,h
24.1405,15.1619,2.596,0.4537,0.2573,11.7266,15.009,-2.9487,7.8407,168.778,g
45.613,15.8726,2.9447,0.2328,0.1289,-1.5359,-22.7252,-9.3402,5.0398,165.769,g
74.2393,23.5248,3.2633,0.1603,0.0837,12.1422,68.1582,14.9842,3.5078,165.9,g
102.179,21.1275,2.9595,0.2119,0.1147,77.1242,107.617,11.06,3.2562,156.342,g
19.1139,17.1325,2.4322,0.5545,0.3826,18.6391,14.4108,-12.4458,55.44,205.694,h
104.5871,37.1702,3.2437,0.2562,0.1144,-80.5862,-99.2532,-24.5775,8.4966,393.3124,h
21.1241,9.6714,2.2227,0.5928,0.3623,-3.96,15.516,-10.1431,11.1686,176.879,g
27.0051,6.6249,2.3201,0.6746,0.4187,13.1819,15.4982,-5.7038,29.7506,175.039,g
28.8731,20.877,2.5545,0.3013,0.1548,23.7357,15.517,-16.3787,22.5725,148.197,h
42.3885,27.1735,2.9061,0.2495,0.1273,-44.2499,-28.4107,25.4948,79.013,171.099,h
34.1392,18.3298,2.5599,0.3994,0.2576,33.6157,16.5571,-9.5372,13.7301,112.276,g
77.2225,17.6041,2.8319,0.3019,0.1568,68.4064,52.9458,-16.3575,3.947,303.364,g
12.4392,12.0404,2.2,0.6877,0.3438,15.0011,-0.7681,11.2238,18.3994,221.305,g
110.4091,25.138,3.4295,0.2603,0.1332,-61.084,78.3212,-20.9697,16.5937,284.8169,h
20.532,18.6601,2.5587,0.4669,0.2555,29.2223,-12.2598,-7.5688,37.6012,191.237,g
123.1291,70.0888,3.6388,0.1435,0.0654,-148.222,-84.1803,-60.7439,41.8865,326.6975,h
58.3389,24.843,3.4371,0.1316,0.066,29.0464,34.8075,13.7119,8.174,167.285,g
22.7506,16.4464,2.5428,0.4155,0.2135,-11.2582,-10.7156,-12.5053,55.578,173.086,h
69.7964,21.7598,3.2262,0.2257,0.1138,81.6993,44.8345,-13.9844,2.152,240.61,g
28.9642,11.014,2.6609,0.4279,0.2172,-19.0459,19.5525,9.75,5.3282,196.925,g
54.3712,23.0745,3.088,0.2091,0.1262,-77.4874,30.403,-16.5557,1.8163,263.463,g
92.5361,17.7426,3.3242,0.1934,0.1064,82.0072,88.5214,12.4642,1.4849,269.446,g
21.4329,9.5412,2.3945,0.5927,0.3569,3.145,-15.0393,10.0636,20.7,109.464,g
68.6774,26.6616,2.9576,0.3958,0.199,-77.7625,-54.3004,-13.5594,0.9243,342.053,h
73.2648,27.0787,3.5292,0.1718,0.0897,28.7515,67.9722,18.8744,6.2195,285.997,g
20.0115,7.3633,2.0588,0.7162,0.4061,-0.7875,6.4702,5.3292,44.067,34.8095,g
26.4244,16.4187,2.5484,0.396,0.2023,-25.3063,20.7747,11.1,53.0609,186.501,g
33.6985,15.6267,2.736,0.3214,0.1625,11.6386,20.1723,15.9402,3.9292,236.628,g
40.7319,16.6665,2.7771,0.279,0.1495,46.362,-25.7537,13.3908,4.584,243.29,g
16.0903,10.46,2.4494,0.6921,0.4076,11.1376,9.5297,-5.7355,15.3926,202.0865,h
98.0655,23.4188,3.3231,0.1734,0.0896,-67.9653,85.6082,-14.8935,0.712,293.452,g
22.35,14.565,2.7701,0.4431,0.2368,23.1078,11.831,-7.2555,15.335,244.838,g
26.1094,11.2175,2.3856,0.4609,0.2942,9.517,11.3732,2.7544,72.118,31.7084,g
14.1279,9.282,2.5423,0.7216,0.479,4.041,-7.051,-18.6099,14.3537,229.5761,h
49.8051,14.0499,2.6542,0.2971,0.1585,-8.5617,28.9502,-13.5961,5.4954,172.589,g
75.6701,22.2969,2.9477,0.2527,0.1427,95.5105,32.3579,-2.598,59.637,160.765,h
28.6935,8.5113,2.4749,0.5796,0.33,33.8939,16.3239,4.938,10.347,240.523,g
22.2792,12.4982,2.437,0.5082,0.2724,-1.4818,10.3689,-5.2317,30.7241,165.615,g
135.803,22.4552,2.9952,0.3741,0.2068,-106.407,65.9063,-20.2775,57.995,275.675,h
15.962,11.5356,2.3541,0.6195,0.3827,2.8408,-5.2555,-7.639,59.1671,146.237,g
28.6457,7.3906,2.4407,0.5866,0.3789,-13.4142,-12.0845,-2.4281,1.9798,199.5122,h
16.3002,14.3664,2.6469,0.5884,0.3561,-10.7779,17.4112,-14.0349,27.5505,212.3356,h
164.123,72.8046,3.5177,0.2071,0.1137,-163.422,-148.283,43.3393,78.043,355.081,h
51.4775,9.3649,2.858,0.3456,0.177,-14.2241,-17.0837,9.2346,85.393,36.4756,h
76.7226,11.2998,3.1154,0.2415,0.1453,47.9904,-26.6326,-9.1747,45.422,100.238,h
23.848,8.7197,2.4917,0.6447,0.3936,12.9926,19.4631,6.8973,82.2838,213.7735,h
44.0857,18.8853,3.0137,0.2578,0.1352,26.5461,-28.5581,12.1096,0.7342,213.539,g
73.8615,27.4185,3.3781,0.0878,0.0812,12.0719,20.1374,8.0742,61.503,104.1386,h
19.32,7.2007,2.2636,0.8011,0.4169,-5.615,11.6404,3.7875,24.1032,214.355,g
28.2532,8.3321,2.6946,0.3819,0.2672,23.4065,31.8361,11.9332,37.0871,241.0948,h
33.8385,23.1018,3.071,0.2284,0.1185,-26.8627,-18.5278,-14.1066,9.0883,230.897,g
38.6876,10.1242,2.6531,0.4773,0.3479,8.5358,-14.4769,3.7988,74.6745,84.7966,h
152.4108,53.017,3.1078,0.2442,0.1259,-196.6195,98.1779,35.4278,33.5791,245.8817,h
28.339,21.0019,2.6585,0.2964,0.157,28.045,15.3476,-14.723,9.2091,76.6665,g
24.3343,14.9489,2.5302,0.3953,0.1991,16.4085,14.006,-13.2107,10.288,125.972,g
121.1267,49.543,3.4228,0.2411,0.1531,-92.6607,-123.5993,-40.6349,9.7996,383.5911,h
79.2206,35.8989,3.7191,0.1222,0.0637,72.9201,62.5374,-18.1485,8.264,181.652,g
51.131,20.6924,2.7644,0.2604,0.1413,-26.6051,47.0326,14.4365,40.7608,149.4814,h
60.9884,13.5134,2.4306,0.5492,0.3135,55.9823,54.3714,-15.2843,41.8421,99.6833,h
18.317,12.618,2.5303,0.4827,0.3261,-2.9681,9.5771,-13.2887,48.4839,223.106,h
27.3841,16.5037,2.6405,0.4073,0.2254,36.6823,17.1568,-8.2152,16.37,193.038,g
20.2899,16.0567,2.8546,0.464,0.2509,1.4769,-6.0144,5.3061,0.159,181.475,g
23.6271,10.4282,2.3971,0.5892,0.3788,12.0872,20.3787,8.4867,62.979,181.696,g
30.564,19.5691,2.6875,0.3696,0.2474,5.3734,25.1525,14.783,26.532,216.315,h
29.3302,12.9857,2.5378,0.4406,0.2304,-22.981,-24.3176,4.6754,72.755,122.374,h
25.4335,16.492,2.5605,0.4512,0.2462,34.8621,-9.8857,-10.0634,2.276,124.753,g
70.2993,11.8649,2.5635,0.4262,0.2363,-37.0433,-67.699,-5.7148,18.5286,116.807,h
81.8495,36.8892,2.772,0.2604,0.1513,-98.2812,25.5609,24.6676,16.194,237.432,g
31.4974,9.4772,2.6744,0.5249,0.3058,-7.4125,11.3131,-4.3687,70.395,206.017,h
27.6963,12.871,2.6091,0.4182,0.2103,14.9777,6.8249,6.8491,8.7213,149.954,g
39.4796,16.8977,2.932,0.3474,0.1959,31.9808,28.3,6.6446,1.129,198.882,g
39.8046,12.7282,2.6154,0.4945,0.3164,28.2385,37.5596,-9.4038,11.243,196.743,g
36.852,25.1337,3.0052,0.2184,0.1131,19.2474,29.5049,6.2066,8.877,98.7117,g
52.2264,23.3743,3.2333,0.1905,0.0956,46.3585,38.163,7.9243,0.795,226.359,g
60.4595,21.1343,2.9117,0.2757,0.1808,48.8007,50.9982,15.5546,9.214,287.473,g
35.5709,11.0064,2.3414,0.5194,0.3531,-16.5162,-30.749,-9.3334,2.313,139.415,g
58.6329,13.5103,2.633,0.2864,0.1502,-99.6169,37.7725,-5.5925,0.2733,230.84,g
35.086,19.428,3.1159,0.2688,0.1673,-10.5013,20.5008,-5.0981,11.3154,177.42,g
42.5919,27.8144,2.8929,0.255,0.1077,9.7841,-32.1735,18.5697,68.0481,88.0571,h
76.0204,26.3797,2.8641,0.4623,0.2627,-64.7443,-76.2211,15.7684,8.7072,52.0792,h
230.5499,145.5639,4.5685,0.0757,0.0092,-144.2809,-188.5031,-142.5894,69.9989,296.5465,h
94.0405,35.4464,4.07,0.1071,0.0554,35.6285,80.7777,-21.468,2.148,273.855,g
38.3052,9.9404,2.4306,0.538,0.3618,36.1565,34.3164,6.2768,29.98,137.624,g
76.5687,34.0259,3.2982,0.1339,0.0687,28.6697,51.3486,-16.8529,28.9443,211.489,h
16.6377,7.7951,2.3761,0.6178,0.387,11.7171,-12.7069,-8.8984,44.6803,114.007,h
30.15,19.2314,2.7243,0.2642,0.1557,-4.2906,-10.2902,-9.0885,6.93,173.789,g
20.7522,11.1067,2.2601,0.5989,0.3214,14.3723,18.4301,5.3336,43.8882,230.192,g
27.5577,12.2071,2.382,0.4232,0.2427,1.1459,-18.2508,9.1073,10.896,207.304,g
45.4416,13.7878,2.5247,0.3004,0.1833,48.3856,26.3504,-8.453,43.9545,171.5389,h
107.338,29.1356,3.5265,0.1315,0.0683,-47.1175,89.5136,-20.0479,3.312,293.781,g
56.3338,20.6646,2.7304,0.3256,0.213,-80.6645,22.5169,-13.7872,2.257,281.088,g
24.3686,15.5878,2.5593,0.4248,0.2166,-5.3289,-16.2269,13.8149,71.762,140.871,h
64.3268,25.9875,3.7035,0.1524,0.0769,28.6831,28.5929,-8.1504,0.216,216.032,g
25.4859,12.6124,2.4371,0.5302,0.2921,14.1387,17.3165,5.5295,78.2195,196.2962,h
25.3859,19.355,2.7505,0.3979,0.262,2.1886,-12.8104,15.2668,0.685,132.66,g
33.295,30.515,3.0067,0.2421,0.1302,13.2514,-5.688,14.3104,2.7741,105.3283,h
49.6026,23.2749,3.0631,0.1902,0.0999,15.6043,-33.6197,5.6718,5.467,198.282,g
46.6896,16.0466,3.2486,0.2043,0.1509,-30.0665,-13.9592,-13.2122,52.8842,158.3678,h
28.3545,17.5355,2.6415,0.4247,0.2203,3.5396,17.0829,-7.6031,39.2035,185.504,g
24.4143,17.193,2.3636,0.4502,0.2316,-0.6099,19.0726,11.8678,18.4088,141.824,g
24.476,11.7683,2.4533,0.4401,0.2412,6.2271,12.3548,-6.5686,8.8517,124.125,g
45.4074,16.7133,2.8344,0.2753,0.1603,-20.2727,-38.7341,12.8591,2.052,254.369,g
81.5485,44.7793,3.2641,0.1475,0.0819,-96.0116,63.3259,-44.1655,7.057,246.976,g
12.8436,9.5118,2.3355,0.8176,0.5889,10.669,9.429,-8.5526,54.421,165.433,h
54.8891,24.3038,3.3422,0.1824,0.1025,36.9337,41.3788,10.6542,3.2776,224.356,g
12.7269,11.6292,2.0881,0.7102,0.3959,15.5857,-9.1686,8.6589,35.7921,193.58,h
31.6903,12.4005,2.595,0.5196,0.2716,16.7129,11.6783,-4.8698,80.1735,201.3235,h
19.4721,12.2262,2.404,0.5325,0.3097,-1.7994,5.0708,-9.9588,27.5944,203.889,g
35.8412,16.5052,2.5132,0.4969,0.2623,17.0121,37.1243,-8.7592,9.1922,194.149,g
17.763,7.0232,2.357,0.8571,0.4945,-6.8579,8.3954,5.4142,67.345,185.682,h
22.0722,10.7539,2.1492,0.539,0.2801,15.7143,17.765,7.6936,6.6616,204.261,h
41.5143,37.7714,3.1772,0.1749,0.0967,30.3418,27.4409,-16.5403,26.155,219.644,h
53.1843,20.4815,2.8521,0.2685,0.1414,50.682,65.4537,15.1972,13.9468,255.0306,h
84.2237,27.3557,3.455,0.1708,0.0858,59.6588,86.462,-10.9931,0.0759,189.846,g
51.3999,28.2574,3.2454,0.2126,0.1077,-56.5759,38.8168,-17.9693,32.3743,290.271,h
12.7,11.6952,2.2393,0.7147,0.3775,-15.5235,7.8166,-10.933,51.82,196.578,g
41.4798,13.9934,2.8847,0.3495,0.1886,24.2043,18.8001,-9.2038,82.3925,106.5458,h
32.6279,15.1199,2.798,0.4076,0.211,7.762,13.2774,9.3391,10.3,67.121,g
98.1014,20.8224,2.7126,0.4205,0.2141,82.7671,76.1611,13.993,2.954,220.417,g
92.3205,31.3727,3.0948,0.1704,0.0993,96.7367,-55.23,-17.7369,2.0919,246.786,g
35.2689,18.4724,2.8331,0.2922,0.1652,2.2985,25.2277,-11.8835,12.9944,159.832,g
28.0997,8.6496,2.8038,0.5703,0.3244,7.2847,21.4257,9.6579,8.2367,217.871,h
34.7714,17.8139,2.7835,0.3523,0.1918,23.7456,30.3091,7.6813,0.831,161.232,g
113.354,22.138,3.2743,0.2483,0.1348,-76.0552,67.9171,18.3859,4.8423,286.156,h
75.989,47.6357,3.6409,0.1749,0.0977,-16.7513,57.1007,30.5268,4.972,314.553,g
37.8835,12.4431,2.5752,0.3298,0.1662,-25.5734,-25.4924,-3.8536,6.518,242.106,g
29.8384,12.1334,2.3729,0.3814,0.197,42.6941,-11.3444,-4.3881,1.575,198.599,g
48.5277,11.939,2.7705,0.3155,0.1654,-4.1113,16.1417,-12.554,21.806,87.7162,h
24.2515,9.6208,2.5641,0.5648,0.3179,27.5263,20.0094,-7.0592,60.9102,89.8197,h
60.8079,18.2385,2.9456,0.3161,0.169,60.9532,59.0673,-16.1833,2.6888,242.2668,h
220.3177,77.3349,4.0902,0.0335,0.0206,180.8181,165.5819,92.6412,15.9931,45.4067,h
37.3478,8.3192,2.5718,0.575,0.3801,12.8487,1.1598,-1.5187,27.8649,160.4892,h
31.9774,11.9107,2.7723,0.4088,0.2255,-6.8707,19.3197,-10.7704,6.46,173.846,g
29.7627,23.3493,3.2034,0.2623,0.1606,8.7653,20.2408,14.5303,0.951,116.309,g
23.8172,9.5728,2.3385,0.6147,0.3922,27.2107,-6.4633,-7.1513,10.449,116.737,g
38.0172,27.9321,3.0021,0.1809,0.0925,-10.9459,-5.9003,-13.3226,67.724,225.9638,h
61.1326,19.6959,3.2777,0.22,0.1153,24.4899,67.0374,10.0337,6.887,233.925,g
15.0041,8.7457,2.6748,0.5596,0.3502,1.9665,8.6654,-9.2768,10.5909,79.1653,h
85.8378,49.6255,3.7247,0.1331,0.0744,-106.1658,-33.8178,-37.324,58.0625,242.9225,h
12.9115,9.896,2.5693,0.6746,0.3894,31.8081,0.152,6.7375,36.523,207.4416,h
41.9175,14.8591,2.6821,0.316,0.1944,15.3546,33.3481,10.8831,9.541,172.529,g
177.656,55.8744,3.359,0.2035,0.1087,-89.3844,-156.014,24.0003,2.3331,272.085,h
11.6825,0.6564,2.4734,0.648,0.3579,-7.2487,3.3382,-7.9869,34.996,208.97,h
154.811,29.136,3.2806,0.2358,0.1208,40.2521,158.988,27.4137,0.697,147.761,h
71.9841,28.9406,3.0054,0.1511,0.0775,-128.872,55.7758,9.6029,1.9438,199.395,g
13.3396,10.5628,2.1917,0.791,0.4019,-14.891,-2.3901,11.9001,10.7959,182.91,g
27.6731,21.5776,2.8245,0.3628,0.2177,7.7873,-22.4266,-15.8182,46.8822,123.6403,h
51.0001,16.9364,2.7439,0.2994,0.165,67.3322,38.6376,16.3671,69.74,169.977,h
50.4829,25.9699,3.3194,0.1941,0.1133,32.1193,39.0162,-18.1839,22.471,141.601,g
12.566,11.8802,2.0314,0.6977,0.3674,16.0329,-9.1508,-10.0164,55.0063,192.948,g
23.0384,15.9018,2.5647,0.4687,0.2466,-30.4664,14.2836,11.3302,80.508,119.488,h
19.6984,9.6076,2.238,0.5896,0.3555,22.8271,11.631,-2.1979,26.67,200.173,h
79.3831,12.9439,2.7427,0.3436,0.2215,35.3588,78.7654,7.6861,9.4384,221.48,g
17.2849,11.0088,2.2095,0.5864,0.3426,-1.2829,6.1132,6.5579,42.016,69.1981,g
41.9782,22.1387,2.8748,0.3042,0.1621,31.182,25.3913,19.0259,20.5966,139.299,g
72.6459,23.2236,3.1902,0.1426,0.0771,-60.2678,41.3896,13.6109,5.284,229.022,g
53.521,27.8531,3.5542,0.2303,0.1416,29.7192,49.5699,19.3954,0.984,185.463,g
106.4,26.1595,2.989,0.3097,0.1574,-70.6965,-106.387,15.8114,43.821,185.14,h
17.1793,11.225,2.1847,0.5621,0.3039,0.7189,-5.2114,4.7331,73.221,93.2077,g
48.0627,13.4801,2.5658,0.3886,0.2296,-20.598,-47.6953,-6.4965,17.388,166.891,g
110.4607,15.7436,3.3203,0.159,0.1072,118.5858,-38.0915,15.7132,66.8088,192.4005,h
30.9955,22.3031,2.8591,0.2725,0.1404,34.0777,17.6726,-16.2964,32.5233,121.915,g
56.6077,24.9021,3.568,0.1952,0.105,58.7155,51.7478,14.1674,2.4729,189.106,g
25.7793,14.0851,2.5838,0.3911,0.1995,-9.8096,-9.3165,-7.7357,6.947,120.583,g
35.0625,17.8621,2.4183,0.4122,0.2271,-17.3781,-30.4438,9.7124,76.765,71.6078,h
58.3577,26.2015,3.4777,0.1644,0.0841,44.1391,45.0066,10.9316,3.804,239.997,g
223.467,93.1625,4.0162,0.1024,0.0515,-243.257,-168.467,-52.3194,68.635,358.784,h
19.1984,7.4598,2.0881,0.7429,0.4531,-0.9994,6.1041,4.226,11.249,131.125,g
74.1398,23.3213,2.8516,0.2421,0.1246,-66.2239,32.8741,-11.5187,0.7406,262.22,g
75.4146,21.7781,2.9249,0.3077,0.1737,-57.9302,-51.8616,20.4296,68.5352,234.999,h
24.2734,15.0359,2.4456,0.4624,0.2778,0.8311,20.8813,7.1707,17.466,136.065,g
23.6678,0.0001,2.1629,0.7148,0.3746,0,-0.0001,-10.8913,81.1385,168.663,g
53.9373,19.0335,3.0455,0.2287,0.1301,-16.7642,-39.2715,11.5627,5.2515,192.359,g
50.7743,18.7763,3.0743,0.2689,0.158,25.0603,51.1045,12.3973,5.1845,281.517,g
48.5258,18.8999,2.937,0.2486,0.1555,18.8543,-15.4234,12.0882,1.2651,206.155,g
164.6813,105.8796,4.3609,0.0866,0.0253,33.2624,90.4276,78.8994,85.1143,150.2983,h
16.9293,11.356,2.4249,0.5752,0.3101,-0.4147,4.146,-4.793,49.2234,198.689,g
25.2187,21.9403,2.6304,0.4754,0.3173,18.7425,23.5684,-20.7926,32.3326,172.199,g
39.5766,15.6353,2.5065,0.5327,0.2913,18.5136,36.2208,9.6697,8.6074,127.693,g
28.1555,11.2633,2.4487,0.452,0.2722,6.4354,22.7847,11.1545,35.72,113.426,g
20.5858,7.2402,2.0273,0.7042,0.3709,-1.1138,7.8255,5.8563,23.962,84.7853,g
47.1363,17.6194,2.4728,0.4074,0.2172,47.3251,35.3755,12.9233,12.504,267.338,g
62.6301,19.3823,3.2934,0.2361,0.1198,26.5243,50.2173,-11.9191,1.4085,236.485,g
38.1779,20.4106,3.0041,0.2534,0.1457,-15.5202,18.2478,-20.021,14.3249,97.5481,h
87.9125,24.0949,3.4298,0.2331,0.1165,-24.3046,59.5604,14.1694,2.628,337.462,g
45.6094,20.8103,3.0438,0.226,0.1162,-0.5056,37.7755,-9.2036,4.25,165.582,g
39.3161,3.1912,2.7012,0.4615,0.2379,30.772,21.5177,-1.5719,81.6321,162.9441,h
52.3679,33.5311,3.3954,0.1879,0.108,-12.5255,41.985,-29.4858,62.904,276.255,h
45.6986,17.3784,2.5873,0.4369,0.2536,-19.6738,-43.8671,14.0995,54.3215,200.199,h
63.3453,24.3855,3.4233,0.2339,0.1375,-48.6381,-19.4147,16.9773,0.64,291.553,g
42.1441,13.7346,2.7459,0.3339,0.1966,31.7383,19.1549,7.9992,1.7038,228.537,g
54.0804,29.2149,3.0927,0.1995,0.1022,45.37,51.8585,-26.3901,9.9658,167.654,g
44.3569,9.7357,2.4955,0.4505,0.2252,48.0017,-28.215,-5.3309,26.077,153.025,g
48.8338,11.2261,2.7462,0.3964,0.2233,43.7001,38.4029,7.4139,3.631,162.932,g
30.1039,16.9787,2.9151,0.3453,0.183,14.0798,26.4652,-7.5275,14.6972,180.238,g
76.0088,21.9286,2.7563,0.3418,0.2235,-96.0812,46.8498,19.7885,42.611,210.972,h
67.2794,21.2906,3.232,0.2327,0.1339,-75.3727,46.2737,15.7832,0.8667,265.229,g
66.8196,22.9146,2.7202,0.4952,0.3457,-43.2633,-53.7621,-25.5689,6.014,317.868,g
27.0181,6.8552,2.4698,0.6169,0.3203,32.3712,16.0717,-4.884,5.316,191.225,h
25.3314,9.1355,2.6488,0.5567,0.3221,-16.9507,15.0419,2.9619,89.2587,46.1343,h
18.633,12.9542,2.4108,0.5204,0.2932,-14.6172,-10.393,5.7839,58.2819,192.35,g
20.4351,10.9445,2.3365,0.5668,0.3018,-7.8342,18.168,-9.5896,73.5855,242.834,h
91.0218,46.8609,2.8727,0.2895,0.1642,-41.4609,-115.407,-37.1163,59.153,231.492,h
22.6229,11.5584,2.4935,0.5746,0.3002,12.1046,20.3062,4.6293,46.08,174.404,h
20.547,12.7599,2.3454,0.447,0.2235,1.5328,-9.9032,9.2539,15.1457,157.112,g
33.8898,17.6924,2.9647,0.3026,0.1719,13.8792,25.8841,7.6886,6.891,90.7788,g
26.5474,21.8125,2.7657,0.3482,0.1913,4.9015,14.3481,15.441,14,66.6115,g
39.3999,7.8633,2.8318,0.4511,0.2875,0.425,25.3928,5.4316,87.4789,91.0664,h
108.5592,49.9508,3.3579,0.1149,0.0787,88.747,77.7531,-49.3432,46.1283,227.6959,h
29.8259,18.3705,2.6186,0.4116,0.2106,20.9861,24.7697,-11.8288,14.0382,171.748,g
27.7483,18.2389,2.5781,0.3593,0.1863,-48.0644,23.808,7.6051,9.141,186.334,g
18.1313,11.7912,2.6217,0.5854,0.3883,-0.4923,-8.9053,9.3306,18.5319,222.983,h
108.8346,26.4051,2.8694,0.2847,0.1531,69.5521,116.1159,-14.4754,44.04,305.4307,h
23.1648,16.5207,2.457,0.3781,0.2049,-27.3354,13.0847,-10.5872,35.4848,218.8926,h
87.6741,21.897,2.8943,0.2768,0.1397,-91.6127,68.9069,-16.7183,0.933,248.854,g
29.7979,9.9269,2.6981,0.6092,0.4679,16.871,30.7046,-10.1852,8.6839,227.77,h
144.4999,70.878,3.159,0.2754,0.1501,122.2645,127.5035,-59.4317,1.6443,246.7863,h
120.776,90.0659,4.306,0.0525,0.0277,63.2978,84.9067,-52.415,24.028,235.673,h
94.3922,57.8037,3.4922,0.2502,0.1454,-79.7811,-72.3694,48.3469,21.386,430.119,h
65.7199,11.283,3.0421,0.2336,0.1477,-32.0428,28.9409,-8.9841,77.4844,150.0927,h
26.403,11.9324,2.5011,0.5205,0.2823,-17.2103,10.5238,-8.5969,35.821,61.3409,g
21.8269,3.5838,2.1205,0.673,0.3525,7.6221,0.0383,-7.6746,53.6823,81.798,h
21.6948,6.8708,2.0846,0.6996,0.3745,24.7572,9.5118,-6.5457,23.451,84.0671,g
16.9165,11.9983,2.3679,0.6366,0.3213,-2.1797,14.4479,10.8338,23.2351,180.438,h
58.1207,14.3463,3.0245,0.3531,0.2014,45.3017,32.7317,-10.0161,16.1522,72.0187,h
39.6948,16.6179,2.8837,0.3242,0.2059,2.875,-13.4913,-11.0505,6.11,200.42,g
34.1547,21.9048,2.84,0.267,0.1721,8.0011,24.475,18.6403,17.307,71.0507,h
21.0734,6.5254,2.1383,0.7709,0.4982,-19.2334,-16.53,6.1628,84.0921,221.02,h
24.7323,10.4829,2.3664,0.529,0.3118,13.7086,19.575,6.9912,14.7714,192.034,g
67.4516,2.7156,2.6688,0.4514,0.2726,50.6202,47.8936,-5.706,26.8693,77.2194,h
27.8755,9.2383,2.4536,0.6331,0.3285,25.094,-4.7217,7.9997,10.9159,166.7302,h
72.7691,31.4427,3.861,0.1621,0.0812,11.3661,60.4412,-18.9664,0.7859,249.506,g
73.2988,36.0124,2.9003,0.3682,0.1699,-20.7085,-100.2164,26.6645,36.6196,247.382,h
23.238,13.4099,2.6449,0.4757,0.3024,-3.1961,-15.6216,6.1321,11.409,126.745,g
45.985,26.2917,3.1091,0.3407,0.2034,24.2692,34.8531,8.323,1.926,258.696,g
19.7768,11.367,2.4133,0.7413,0.4537,-12.2415,-14.1178,11.7474,65.002,240.194,h
19.7907,19.353,2.646,0.5332,0.2678,14.7705,4.8395,-9.4805,80.0427,63.7561,h
118.059,112.7049,4.2092,0.0564,0.0225,-71.9885,-147.446,91.9816,70.1747,237.7985,h
53.1157,25.7168,3.3184,0.1951,0.0982,38.8296,40.4022,-19.4141,2.73,226.377,g
40.2999,26.4323,2.9165,0.3261,0.1921,26.8354,34.6204,26.5414,55.9,159.428,h
46.4638,16.1919,2.6518,0.4058,0.2553,36.1786,28.0624,-13.3178,27.1336,216.433,g
42.019,7.3876,2.3444,0.5882,0.3054,51.0773,-14.9667,-3.486,13.4966,184.773,g
174.171,109.01,4.7552,0.03,0.0151,-96.713,-132.769,46.3169,56.991,238.1,h
15.1434,11.7337,2.2976,0.7229,0.4471,5.2189,2.8942,11.8494,49.8144,179.1399,h
26.6026,11.7037,2.5843,0.5208,0.3138,29.1508,21.6709,-7.2544,12.153,211.942,h
67.3731,29.9996,3.0715,0.1756,0.0886,-75.881,-47.1058,-23.4857,50.191,155.438,h
116.935,28.2944,2.933,0.3337,0.1779,87.0188,-100.593,-27.9089,39.109,389.579,h
23.8603,14.8311,2.4224,0.5104,0.2703,-9.5178,-12.722,12.4322,0.557,98.4508,g
97.3016,50.3098,4.0832,0.1158,0.0708,-23.9193,64.0663,-37.2355,0.131,315.834,g
25.7304,17.1213,2.7235,0.3554,0.1843,22.7901,-19.2298,9.1168,3.8417,153.401,g
77.4596,22.4927,3.0615,0.283,0.1463,60.5712,77.0023,-18.4307,26.0459,186.964,h
24.9621,14.028,2.3831,0.3971,0.2175,-20.3662,4.407,-6.4822,77.4366,232.695,h
63.4558,23.6207,3.2119,0.1762,0.0985,69.7127,27.8829,-5.1909,2.8194,248.237,g
92.0007,34.869,3.6213,0.2255,0.1216,12.635,48.376,22.2188,1.7669,372.871,g
21.5295,13.7577,2.7135,0.5841,0.3337,-25.1393,-10.9723,9.932,7.3842,214.43,h
77.5343,18.8832,3.2671,0.2584,0.1436,46.2902,94.0484,12.4317,1.892,213.191,g
23.9073,12.3949,2.2923,0.6071,0.375,-25.7692,-13.9242,-4.2336,3.145,111.872,g
17.323,10.9981,2.3096,0.5833,0.3407,1.1613,-5.9612,6.5009,31.882,247.663,h
32.8882,13.3841,2.659,0.4035,0.2533,-1.0943,-22.07,-7.3832,8.0922,196.129,g
72.5221,21.6377,3.2048,0.1941,0.097,70.6315,65.5715,-13.3125,0.386,207.992,g
20.3262,10.5335,2.2504,0.5955,0.3343,7.1802,-17.3823,-10.1526,30.898,88.0214,g
40.8706,21.7144,3.0004,0.2308,0.1174,32.656,32.3028,19.1536,5.528,164.086,g
31.1459,19.0017,2.6799,0.3615,0.2079,14.5192,26.1452,16.4486,62.781,119.503,g
34.1178,12.2455,2.4005,0.5169,0.3082,-14.9147,-17.0831,8.4064,1.154,172.465,g
118.4908,66.9402,4.0546,0.1039,0.0658,-25.0086,-107.2853,49.8532,79.3923,285.8099,h
19.5444,5.6572,2.2799,0.8451,0.643,13.5508,19.5788,-5.5527,14.086,180.542,h
38.6408,16.3194,3.0147,0.29,0.1493,17.1576,14.2359,8.4875,5.6601,170.274,g
56.5912,29.0345,3.0775,0.2298,0.1248,-25.5512,-9.6603,17.2837,43.3511,268.6244,h
138.388,44.5241,3.286,0.0949,0.0674,-71.2351,66.0265,-48.3917,45.048,250.2907,h
16.1931,11.1654,2.356,0.6652,0.3855,4.8248,-6.9421,-8.1622,56.5349,168.497,g
65.9948,33.8832,3.4581,0.2372,0.159,-71.0578,-41.7704,-22.1998,40.1133,271.924,h
203.8345,95.9107,3.6505,0.1067,0.0427,-47.7912,-159.4809,69.8356,2.7197,305.2008,h
20.7099,6.2012,2.2822,0.799,0.5561,-17.0072,-18.1344,-6.0106,27.282,133.77,g
32.921,8.1907,2.7625,0.3366,0.2053,30.5055,22.1193,7.1476,89.9528,217.7938,h
159.9055,75.9563,3.3458,0.1176,0.0722,79.9708,58.5895,24.1594,85.6268,241.3654,h
27.9343,11.5799,2.6385,0.4759,0.2655,10.4244,16.4298,-8.8598,73.5647,213.706,h
201.588,73.0943,3.4777,0.1821,0.092,-194.567,-82.46,59.7483,83.6042,257.416,h
32.8483,10.7905,2.5843,0.4688,0.2565,22.4442,30.8181,6.0211,4.565,160.43,g
172.6668,119.5586,3.4102,0.1332,0.0844,1.2907,159.7598,76.9915,69.2286,195.2145,h
30.2843,16.7657,2.7896,0.4367,0.2394,-15.5024,-27.692,12.3785,46.3644,266.491,h
40.1959,32.5425,3.4637,0.1987,0.1167,5.7147,19.8578,13.7549,10.0734,125.409,g
67.3736,23.2082,2.7878,0.4189,0.2274,-66.2448,-50.8812,13.3178,2.135,294.976,g
31.3155,18.3709,2.6547,0.361,0.2049,-17.5092,-20.9787,11.2839,18.2357,243.734,h
16.3607,11.5709,2.3522,0.5956,0.3089,-2.3935,6.7419,-4.0054,35.427,155.95,g
21.4763,10.3156,2.3666,0.7288,0.3861,15.5219,18.6448,-2.4377,33.5626,263.1362,h
47.0893,20.5962,2.9763,0.1911,0.0956,13.9659,39.1249,-7.5246,2.621,180.709,g
160.7656,49.3641,3.4663,0.152,0.0895,-149.8219,104.7258,46.5623,19.1125,192.0418,h
25.7288,15.0604,2.5723,0.415,0.2289,1.9492,23.5596,6.7967,27.1409,207.386,g
198.7183,99.2397,3.5728,0.1226,0.0547,-150.5884,-98.9017,-120.9131,34.4383,278.564,h
63.4209,26.9573,3.0955,0.2063,0.1152,46.6222,57.7187,-20.1627,0.782,280.301,g
78.4068,54.3684,3.465,0.1429,0.062,11.1058,40.3272,30.5371,63.3984,278.5333,h
35.7084,15.7785,2.5031,0.3799,0.2057,31.7379,29.6927,-8.4502,35.069,197.877,g
20.6602,9.4829,2.3709,0.5941,0.3013,-3.6252,-18.5964,-2.4076,84.4428,188.0174,h
64.4081,23.7635,3.1281,0.1951,0.1016,65.7484,41.2256,-11.1654,1.0067,224.491,g
20.443,12.5096,2.5308,0.4978,0.2636,17.0881,12.8722,7.7569,5.9332,155.355,g
20.747,17.5156,2.6575,0.4752,0.3135,22.2011,16.5271,-10.0925,25.1855,179.312,h
26.6711,10.4738,2.5079,0.5311,0.309,17.8012,-13.5101,10.3036,37.168,45.3787,g
33.1206,22.4333,2.8657,0.327,0.2159,-2.0536,14.5536,16.4965,14.2293,169.606,g
73.8115,22.5542,3.211,0.2245,0.1153,38.1978,70.6669,10.0727,6.548,203.818,g
32.9645,10.633,2.3337,0.6301,0.3904,-24.7549,-7.6974,-4.8365,60.9326,100.8557,h