1000,0,0.0254,31.7,0.000439472,125.127
1250,8.9,0.1016,71.3,0.0103088,132.793
3150,8.9,0.1016,71.3,0.0103088,123.263
800,0,0.1524,31.7,0.00209405,129.117
1250,8.9,0.1016,39.6,0.0124596,127.710
2000,7.3,0.2286,39.6,0.0123481,117.809
400,22.2,0.0254,39.6,0.0229028,123.416
10000,0,0.2286,71.3,0.00214345,118.134
1250,0,0.2286,39.6,0.00253511,129.395
2000,0,0.0508,71.3,0.000740478,131.060
6300,15.6,0.1016,39.6,0.0528487,104.204
800,9.9,0.1524,39.6,0.0233328,126.345
630,15.4,0.0508,55.5,0.0271925,129.330
500,4,0.2286,39.6,0.00473801,127.039
5000,9.5,0.0254,39.6,0.00449821,125.044
1250,0,0.1524,71.3,0.0015988,128.927
1000,15.4,0.0508,31.7,0.0289853,124.525
2000,5.4,0.1524,39.6,0.00485029,124.647
800,9.5,0.0254,71.3,0.00420654,127.206
800,15.4,0.0508,31.7,0.0289853,125.555
1000,7.2,0.1524,39.6,0.00909175,128.338
12500,0,0.1524,71.3,0.0015988,117.087
315,0,0.2286,55.5,0.00229336,119.540
500,9.9,0.1524,39.6,0.0233328,126.835
4000,3,0.3048,55.5,0.00452492,118.689
1000,0,0.1524,39.6,0.00193287,130.033
1000,4,0.2286,71.3,0.00400603,131.708
2500,0,0.0254,71.3,0.000400682,133.707
1250,9.9,0.1524,39.6,0.0233328,120.555
1600,0,0.1524,55.5,0.00172668,130.183
6300,9.5,0.0254,31.7,0.00461377,120.726
1000,8.4,0.0508,31.7,0.00580776,129.516
630,5.3,0.2286,71.3,0.0051942,131.800
10000,4.8,0.0254,39.6,0.000907475,126.066
4000,15.6,0.1016,71.3,0.0437259,113.298
315,9.9,0.1524,39.6,0.0233328,128.595
5000,3,0.3048,55.5,0.00452492,117.309
2000,6.7,0.1016,39.6,0.00578076,122.235
1600,12.6,0.1524,71.3,0.0483159,120.534
1000,3.3,0.1016,39.6,0.00245138,131.971
5000,4,0.2286,71.3,0.00400603,121.118
400,3,0.3048,31.7,0.00529514,125.398
10000,0,0.3048,71.3,0.00266337,115.391
1250,15.6,0.1016,71.3,0.0437259,123.178
1000,3,0.3048,39.6,0.00495741,128.312
1000,8.4,0.0508,71.3,0.00529514,129.946
800,0,0.0508,39.6,0.000791822,126.508
1250,4.8,0.0254,39.6,0.000907475,125.026
800,3.3,0.1016,71.3,0.00202822,131.074
400,11.2,0.0508,39.6,0.0150478,130.670
2500,8.9,0.1016,39.6,0.0124596,119.190
1250,4,0.2286,55.5,0.0042862,131.264
1250,6.7,0.1016,39.6,0.00578076,132.395
2000,9.5,0.0254,55.5,0.0043284,134.052
630,5.4,0.1524,39.6,0.00485029,132.357
4000,5.3,0.2286,39.6,0.00614329,115.801
4000,0,0.3048,71.3,0.00266337,123.061
3150,8.9,0.1016,39.6,0.0124596,119.350
630,4,0.3048,71.3,0.00497773,131.615
1600,9.9,0.1524,39.6,0.0233328,118.545
1250,0,0.1524,55.5,0.00172668,129.953
10000,0,0.0508,71.3,0.000740478,128.740
3150,0,0.0254,71.3,0.000400682,137.007
1600,0,0.2286,55.5,0.00229336,126.790
500,15.4,0.0508,71.3,0.0264269,127.285
1250,0,0.0508,55.5,0.00076193,127.076
4000,0,0.1524,71.3,0.0015988,128.857
2000,8.4,0.0508,71.3,0.00529514,134.476
3150,19.7,0.0508,39.6,0.036484,113.004
6300,4,0.2286,71.3,0.00400603,118.618
6300,12.7,0.0254,39.6,0.0130253,123.177
400,5.4,0.1524,55.5,0.00433288,126.807
1250,3,0.3048,55.5,0.00452492,127.329
3150,15.4,0.0508,55.5,0.0271925,123.460
800,12.3,0.1016,31.7,0.0418756,120.037
2000,3.3,0.1016,71.3,0.00202822,134.034
315,0,0.2286,39.6,0.00253511,121.055
3150,4.2,0.0508,71.3,0.00142788,133.728
6300,0,0.2286,55.5,0.00229336,118.410
250,9.9,0.1524,55.5,0.0208438,133.235
3150,1.5,0.3048,39.6,0.00392107,119.111
500,2,0.2286,71.3,0.00293031,126.486
4000,17.4,0.0254,31.7,0.0176631,121.996
1600,0,0.0254,39.6,0.000428464,124.156
1250,0,0.3048,55.5,0.00283081,126.086
250,17.4,0.0254,71.3,0.016104,113.796
3150,8.4,0.0508,71.3,0.00529514,131.966
5000,12.7,0.0254,71.3,0.0121808,128.978
400,9.9,0.1524,39.6,0.0233328,128.345
2500,12.6,0.1524,39.6,0.0584113,106.880
250,15.4,0.0508,55.5,0.0271925,124.170
500,17.4,0.0254,31.7,0.0176631,127.676
630,0,0.3048,39.6,0.00310138,128.629
4000,9.9,0.1524,39.6,0.0233328,112.265
4000,3,0.3048,71.3,0.00425727,120.264
4000,0,0.3048,31.7,0.00331266,118.145
6300,2,0.2286,31.7,0.00372371,115.137
250,4,0.3048,39.6,0.00579636,123.543
2000,2,0.2286,55.5,0.00313525,124.612
4000,11.2,0.0508,39.6,0.0150478,115.520
400,5.4,0.1524,71.3,0.00401199,124.121
4000,12.3,0.1016,31.7,0.0418756,108.407
800,15.4,0.0508,55.5,0.0271925,130.430
4000,0,0.2286,31.7,0.0027238,122.035
1000,3.3,0.1016,31.7,0.00251435,133.012
3150,15.4,0.0508,31.7,0.0289853,118.045
2500,0,0.0508,71.3,0.000740478,131.310
400,15.6,0.1016,71.3,0.0437259,134.058
250,7.2,0.1524,39.6,0.00909175,127.488
4000,0,0.3048,39.6,0.00310138,119.229
800,12.6,0.1524,39.6,0.0584113,116.560
2000,0,0.0508,39.6,0.000791822,132.918
4000,12.7,0.0254,71.3,0.0121808,131.808
630,2,0.2286,71.3,0.00293031,127.356
3150,15.4,0.0508,39.6,0.0282593,120.513
500,7.3,0.2286,71.3,0.0104404,136.798
400,8.4,0.0508,31.7,0.00580776,120.076
1600,4.8,0.0254,39.6,0.000907475,125.966
800,3.3,0.1016,55.5,0.002211,129.119
500,15.6,0.1016,39.6,0.0528487,115.304
500,7.3,0.2286,31.7,0.0132672,128.169
4000,19.7,0.0508,39.6,0.036484,108.684
3150,12.3,0.1016,55.5,0.0368233,116.914
1600,0,0.3048,39.6,0.00310138,124.049
5000,0,0.1524,71.3,0.0015988,126.457
6300,0,0.0508,31.7,0.000812164,130.340
2000,0,0.1524,31.7,0.00209405,128.907
3150,3.3,0.1016,71.3,0.00202822,132.114
6300,5.3,0.2286,71.3,0.0051942,116.920
800,7.3,0.2286,55.5,0.0111706,128.444
3150,0,0.2286,55.5,0.00229336,125.160
500,3,0.3048,39.6,0.00495741,127.632
1250,12.3,0.1016,39.6,0.0408268,121.165
315,5.3,0.2286,39.6,0.00614329,129.691
4000,17.4,0.0254,39.6,0.0172206,122.724
315,15.4,0.0508,71.3,0.0264269,126.195
630,9.9,0.1524,55.5,0.0208438,127.315
1000,12.7,0.0254,39.6,0.0130253,130.947
5000,17.4,0.0254,71.3,0.016104,123.126
1000,7.3,0.2286,31.7,0.0132672,119.099
6300,3,0.3048,31.7,0.00529514,109.718
1600,12.7,0.0254,71.3,0.0121808,134.528
2500,5.4,0.1524,39.6,0.00485029,120.497
630,12.7,0.0254,39.6,0.0130253,128.867
1600,2,0.2286,39.6,0.00346574,125.837
630,6.7,0.1016,55.5,0.0052139,133.023
6300,0,0.1524,55.5,0.00172668,123.303
2500,3.3,0.1016,71.3,0.00202822,133.894
2000,0,0.2286,55.5,0.00229336,126.540
630,9.9,0.1524,39.6,0.0233328,126.465
2500,7.3,0.2286,39.6,0.0123481,116.559
2000,6.7,0.1016,71.3,0.00478288,134.568
315,11.2,0.0508,71.3,0.014072,128.381
3150,0,0.1524,71.3,0.0015988,129.377
3150,12.6,0.1524,71.3,0.0483159,113.334
5000,5.3,0.2286,39.6,0.00614329,115.311
3150,3.3,0.1016,31.7,0.00251435,128.252
1000,15.6,0.1016,71.3,0.0437259,124.438
630,1.5,0.3048,39.6,0.00392107,128.311
5000,12.3,0.1016,55.5,0.0368233,112.014
6300,12.7,0.0254,71.3,0.0121808,125.398
5000,0,0.1016,39.6,0.00146332,126.021
1600,4.8,0.0254,31.7,0.000930789,128.718
250,12.3,0.1016,39.6,0.0408268,129.675
6300,0,0.3048,55.5,0.00283081,117.976
800,7.2,0.1524,39.6,0.00909175,132.358
10000,0,0.0254,71.3,0.000400682,130.787
5000,5.3,0.2286,71.3,0.0051942,118.050
500,12.7,0.0254,39.6,0.0130253,127.127
315,9.9,0.1524,55.5,0.0208438,132.355
1600,7.3,0.2286,39.6,0.0123481,121.059
4000,15.4,0.0508,31.7,0.0289853,115.635
4000,0,0.2286,71.3,0.00214345,125.824
3150,17.4,0.0254,39.6,0.0172206,123.564
1250,7.3,0.2286,31.7,0.0132672,120.509
630,12.3,0.1016,55.5,0.0368233,124.244
2000,17.4,0.0254,55.5,0.0165706,125.261
1250,5.3,0.2286,39.6,0.00614329,125.721
800,3,0.3048,31.7,0.00529514,128.708
2000,3.3,0.1016,55.5,0.002211,133.649
3150,3.3,0.1016,55.5,0.002211,130.629
800,12.3,0.1016,39.6,0.0408268,122.315
1250,17.4,0.0254,39.6,0.0172206,131.364
2000,15.4,0.0508,55.5,0.0271925,127.040
315,12.3,0.1016,31.7,0.0418756,124.717
1250,17.4,0.0254,55.5,0.0165706,129.301
1250,0,0.2286,55.5,0.00229336,127.910
6300,0,0.0254,71.3,0.000400682,134.987
4000,5.4,0.1524,71.3,0.00401199,121.431
5000,1.5,0.3048,39.6,0.00392107,116.241
250,12.3,0.1016,71.3,0.0337792,131.568
1600,12.3,0.1016,31.7,0.0418756,114.477
3150,0,0.2286,71.3,0.00214345,127.834
2000,12.3,0.1016,39.6,0.0408268,114.085
630,6.7,0.1016,71.3,0.00478288,131.448
630,9.5,0.0254,31.7,0.00461377,129.006
12500,0,0.0508,39.6,0.000791822,123.988
1000,15.4,0.0508,39.6,0.0282593,127.893
2000,8.9,0.1016,71.3,0.0103088,124.233
200,12.3,0.1016,71.3,0.0337792,130.588
5000,5.4,0.1524,39.6,0.00485029,117.037
3150,3,0.3048,55.5,0.00452492,120.189
250,5.3,0.2286,39.6,0.00614329,127.011
2000,9.9,0.1524,39.6,0.0233328,117.925
5000,2,0.2286,71.3,0.00293031,122.816
8000,3,0.3048,71.3,0.00425727,114.634
200,9.5,0.0254,39.6,0.00449821,116.074
16000,0,0.0254,55.5,0.00041229,125.683
800,0,0.3048,39.6,0.00310138,129.099
500,15.6,0.1016,71.3,0.0437259,130.638
800,9.5,0.0254,39.6,0.00449821,129.014
630,15.4,0.0508,31.7,0.0289853,124.685
500,6.7,0.1016,55.5,0.0052139,129.343
630,4,0.2286,31.7,0.00509068,130.349
315,3,0.3048,31.7,0.00529514,123.118
3150,8.4,0.0508,39.6,0.00566229,123.965
5000,0,0.0254,71.3,0.000400682,136.837
6300,8.9,0.1016,71.3,0.0103088,117.253
630,5.4,0.1524,55.5,0.00433288,131.807
1600,6.7,0.1016,55.5,0.0052139,133.653
400,12.7,0.0254,71.3,0.0121808,125.048
2500,4,0.2286,71.3,0.00400603,124.338
5000,15.4,0.0508,39.6,0.0282593,114.453
1600,15.4,0.0508,31.7,0.0289853,121.485
20000,4.8,0.0254,55.5,0.000873218,121.284
3150,17.4,0.0254,31.7,0.0176631,123.466
10000,0,0.0254,39.6,0.000428464,133.376
400,9.5,0.0254,55.5,0.0043284,120.952
800,19.7,0.0508,71.3,0.0341183,124.555
315,4,0.3048,71.3,0.00497773,128.175
500,4,0.2286,31.7,0.00509068,128.939
250,17.4,0.0254,31.7,0.0176631,116.956
315,22.2,0.0254,39.6,0.0229028,120.716
800,0,0.1016,55.5,0.00131983,127.920
1250,2,0.2286,39.6,0.00346574,128.257
1000,12.6,0.1524,39.6,0.0584113,114.670
400,12.3,0.1016,55.5,0.0368233,136.414
6300,7.2,0.1524,71.3,0.00752039,116.603
630,8.9,0.1016,71.3,0.0103088,138.423
500,0,0.2286,39.6,0.00253511,126.195
6300,4,0.2286,31.7,0.00509068,112.699
1000,7.3,0.2286,39.6,0.0123481,122.539
2500,3.3,0.1016,31.7,0.00251435,130.392
500,4,0.2286,71.3,0.00400603,126.758
315,5.4,0.1524,31.7,0.00525474,125.741
500,22.2,0.0254,71.3,0.0214178,117.967
6300,4.8,0.0254,39.6,0.000907475,134.336
1000,0,0.1016,71.3,0.00121072,128.825
800,11.2,0.0508,39.6,0.0150478,133.790
200,15.6,0.1016,71.3,0.0437259,130.898
400,8.4,0.0508,39.6,0.00566229,120.015
4000,5.3,0.2286,71.3,0.0051942,120.330
400,2,0.2286,39.6,0.00346574,122.147
800,15.4,0.0508,39.6,0.0282593,128.423
630,7.3,0.2286,31.7,0.0132672,126.189
1000,2,0.2286,39.6,0.00346574,129.147
315,15.6,0.1016,71.3,0.0437259,133.808
250,22.2,0.0254,39.6,0.0229028,117.386
200,15.4,0.0508,31.7,0.0289853,119.975
12500,0,0.0508,55.5,0.00076193,125.376
1250,15.4,0.0508,31.7,0.0289853,123.255
1000,7.3,0.2286,55.5,0.0111706,125.194
1250,4,0.2286,71.3,0.00400603,131.718
1600,19.7,0.0508,39.6,0.036484,117.604
400,9.9,0.1524,71.3,0.0193001,135.079
315,7.2,0.1524,71.3,0.00752039,128.713
400,12.7,0.0254,39.6,0.0130253,125.527
8000,17.4,0.0254,71.3,0.016104,115.466
3150,12.3,0.1016,71.3,0.0337792,120.798
2500,9.9,0.1524,31.7,0.0252785,114.729
4000,5.4,0.1524,31.7,0.00525474,116.181
5000,0,0.1524,55.5,0.00172668,125.203
2000,2,0.2286,39.6,0.00346574,122.797
630,0,0.1524,31.7,0.00209405,125.997
4000,9.5,0.0254,71.3,0.00420654,134.236
250,4,0.3048,71.3,0.00497773,126.395
5000,3,0.3048,71.3,0.00425727,118.134
2500,4.8,0.0254,71.3,0.000848633,130.828
315,8.9,0.1016,39.6,0.0124596,135.380
1600,3,0.3048,39.6,0.00495741,122.782
1250,8.4,0.0508,39.6,0.00566229,131.205
800,8.4,0.0508,39.6,0.00566229,128.435
8000,0,0.0508,39.6,0.000791822,128.518
1000,5.4,0.1524,31.7,0.00525474,128.241
3150,12.7,0.0254,39.6,0.0130253,127.847
2500,11.2,0.0508,39.6,0.0150478,122.170
630,0,0.3048,55.5,0.00283081,127.696
10000,4,0.2286,71.3,0.00400603,113.108
5000,12.3,0.1016,39.6,0.0408268,108.625
2000,0,0.2286,31.7,0.0027238,123.455
1250,0,0.1524,31.7,0.00209405,131.467
400,9.5,0.0254,31.7,0.00461377,124.756
630,0,0.1016,55.5,0.00131983,126.170
500,4.8,0.0254,39.6,0.000907475,116.366
250,17.4,0.0254,55.5,0.0165706,110.491
400,15.4,0.0508,55.5,0.0271925,126.500
3150,19.7,0.0508,71.3,0.0341183,116.225
250,12.7,0.0254,71.3,0.0121808,119.698
800,1.5,0.3048,39.6,0.00392107,128.831
1000,4.2,0.0508,39.6,0.00152689,125.647
6300,7.3,0.2286,71.3,0.0104404,115.818
3150,0,0.1524,39.6,0.00193287,125.603
800,9.5,0.0254,55.5,0.0043284,128.082
6300,0,0.1524,39.6,0.00193287,121.313
800,5.3,0.2286,39.6,0.00614329,129.491
2000,7.3,0.2286,55.5,0.0111706,120.354
8000,15.4,0.0508,71.3,0.0264269,112.675
4000,19.7,0.0508,71.3,0.0341183,113.045
250,15.4,0.0508,71.3,0.0264269,124.835
5000,0,0.1016,31.7,0.00150092,124.393
4000,0,0.1524,55.5,0.00172668,127.233
630,3,0.3048,71.3,0.00425727,129.354
4000,3,0.3048,31.7,0.00529514,115.608
2500,9.9,0.1524,71.3,0.0193001,119.639
1000,2,0.2286,55.5,0.00313525,129.002
2500,3,0.3048,55.5,0.00452492,122.439
12500,0,0.0254,39.6,0.000428464,129.116
4000,4,0.2286,55.5,0.0042862,120.654
20000,0,0.2286,71.3,0.00214345,114.474
10000,3.3,0.1016,71.3,0.00202822,116.694
3150,2,0.2286,71.3,0.00293031,126.116
250,8.9,0.1016,39.6,0.0124596,134.340
1250,1.5,0.3048,71.3,0.00336729,125.872
1000,9.9,0.1524,31.7,0.0252785,122.149
200,19.7,0.0508,71.3,0.0341183,118.005
6300,4.2,0.0508,39.6,0.00152689,125.717
2000,1.5,0.3048,71.3,0.00336729,126.642
315,0,0.2286,31.7,0.0027238,120.595
6300,7.3,0.2286,55.5,0.0111706,111.534
315,9.9,0.1524,31.7,0.0252785,128.809
2000,5.4,0.1524,71.3,0.00401199,131.111
315,17.4,0.0254,31.7,0.0176631,118.416
1250,12.6,0.1524,71.3,0.0483159,120.154
1000,0,0.1524,55.5,0.00172668,128.583
200,9.9,0.1524,31.7,0.0252785,127.299
1250,3,0.3048,71.3,0.00425727,127.634
12500,0,0.1016,55.5,0.00131983,119.910
1600,15.4,0.0508,71.3,0.0264269,130.065
1250,12.7,0.0254,71.3,0.0121808,133.048
1600,11.2,0.0508,71.3,0.014072,135.191
8000,0,0.3048,71.3,0.00266337,117.151
12500,4.8,0.0254,71.3,0.000848633,127.688
3150,3,0.3048,39.6,0.00495741,118.922
630,17.4,0.0254,31.7,0.0176631,136.886
1000,11.2,0.0508,39.6,0.0150478,132.430
5000,9.9,0.1524,39.6,0.0233328,111.135
630,0,0.2286,39.6,0.00253511,128.705
630,9.9,0.1524,31.7,0.0252785,126.049
10000,0,0.3048,55.5,0.00283081,113.076
8000,2.7,0.1524,39.6,0.00294804,116.659
4000,3.3,0.1016,71.3,0.00202822,128.704
1600,8.4,0.0508,31.7,0.00580776,129.296
12500,0,0.0254,31.7,0.000439472,128.977
2500,4,0.3048,71.3,0.00497773,123.775
3150,7.3,0.2286,55.5,0.0111706,117.134
8000,0,0.1524,71.3,0.0015988,122.527
2000,5.4,0.1524,55.5,0.00433288,128.707
400,15.4,0.0508,71.3,0.0264269,126.805
800,0,0.3048,71.3,0.00266337,126.201
400,12.6,0.1524,71.3,0.0483159,127.094
4000,4.8,0.0254,31.7,0.000930789,135.328
12500,1.5,0.3048,39.6,0.00392107,106.111
5000,0,0.3048,71.3,0.00266337,121.301
2000,4.8,0.0254,71.3,0.000848633,128.398
1000,3,0.3048,71.3,0.00425727,129.004
3150,4,0.2286,55.5,0.0042862,122.394
1000,4,0.2286,31.7,0.00509068,129.869
8000,3.3,0.1016,71.3,0.00202822,121.234
315,17.4,0.0254,71.3,0.016104,115.846
315,6.7,0.1016,31.7,0.00592927,126.266
3150,2,0.2286,55.5,0.00313525,123.742
2500,4,0.2286,39.6,0.00473801,119.649
2000,15.4,0.0508,71.3,0.0264269,129.285
2000,12.3,0.1016,71.3,0.0337792,122.218
3150,4.2,0.0508,39.6,0.00152689,133.587
6300,0,0.3048,39.6,0.00310138,116.229
12500,0,0.3048,55.5,0.00283081,111.076
1250,9.5,0.0254,31.7,0.00461377,131.446
20000,4,0.2286,71.3,0.00400603,109.638
1600,15.6,0.1016,39.6,0.0528487,114.554
200,11.2,0.0508,39.6,0.0150478,125.010
5000,3,0.3048,39.6,0.00495741,115.792
6300,0,0.0508,39.6,0.000791822,131.918
250,9.5,0.0254,31.7,0.00461377,120.136
630,2,0.2286,55.5,0.00313525,126.842
500,0,0.2286,55.5,0.00229336,123.780
4000,1.5,0.3048,39.6,0.00392107,117.741
1600,8.9,0.1016,71.3,0.0103088,128.763
1250,3.3,0.1016,71.3,0.00202822,132.304
500,12.6,0.1524,71.3,0.0483159,121.664
1000,3,0.3048,55.5,0.00452492,129.329
2000,8.4,0.0508,55.5,0.00544854,133.042
8000,5.4,0.1524,55.5,0.00433288,114.927
400,12.3,0.1016,71.3,0.0337792,139.428
4000,17.4,0.0254,55.5,0.0165706,121.771
1250,11.2,0.0508,39.6,0.0150478,130.050
2500,12.3,0.1016,31.7,0.0418756,110.317
800,4,0.2286,39.6,0.00473801,130.469
630,8.4,0.0508,55.5,0.00544854,126.152
400,0,0.2286,39.6,0.00253511,123.565
2000,7.2,0.1524,39.6,0.00909175,120.228
1600,3,0.3048,31.7,0.00529514,122.088
8000,0,0.1016,71.3,0.00121072,125.465
4000,12.6,0.1524,71.3,0.0483159,108.034
2000,2,0.2286,71.3,0.00293031,126.896
1600,7.2,0.1524,71.3,0.00752039,130.893
6300,5.4,0.1524,55.5,0.00433288,117.287
1600,12.3,0.1016,39.6,0.0408268,117.875
500,4,0.3048,39.6,0.00579636,130.173
10000,4.8,0.0254,71.3,0.000848633,127.398
315,12.6,0.1524,71.3,0.0483159,128.484
1000,4,0.2286,39.6,0.00473801,129.969
630,17.4,0.0254,55.5,0.0165706,122.411
800,8.4,0.0508,71.3,0.00529514,127.556
1250,1.5,0.3048,39.6,0.00392107,125.211
2500,0,0.1524,71.3,0.0015988,128.127
2500,12.7,0.0254,71.3,0.0121808,134.058
1250,2,0.2286,71.3,0.00293031,128.816
6300,7.3,0.2286,39.6,0.0123481,110.839
630,4,0.2286,39.6,0.00473801,129.579
2500,3,0.3048,31.7,0.00529514,119.598
800,0,0.2286,31.7,0.0027238,130.725
315,7.2,0.1524,39.6,0.00909175,130.558
630,9.5,0.0254,55.5,0.0043284,125.452
1250,12.6,0.1524,39.6,0.0584113,112.160
5000,0,0.0508,71.3,0.000740478,134.430
4000,11.2,0.0508,71.3,0.014072,122.471
6300,0,0.0254,31.7,0.000439472,138.537
1600,12.3,0.1016,71.3,0.0337792,124.748
500,12.3,0.1016,55.5,0.0368233,133.774
250,17.4,0.0254,39.6,0.0172206,114.714
1000,0,0.1016,39.6,0.00146332,130.781
800,4.8,0.0254,31.7,0.000930789,122.648
5000,2.7,0.1524,71.3,0.00243851,124.364
1000,12.3,0.1016,71.3,0.0337792,127.928
400,7.3,0.2286,39.6,0.0123481,132.039
5000,15.6,0.1016,39.6,0.0528487,106.224
2000,0,0.3048,55.5,0.00283081,126.616
4000,4,0.3048,39.6,0.00579636,115.863
2500,0,0.0254,39.6,0.000428464,131.836
4000,22.2,0.0254,39.6,0.0229028,119.646
1600,0,0.2286,71.3,0.00214345,129.134
630,3.3,0.1016,55.5,0.002211,126.599
630,3,0.3048,55.5,0.00452492,129.569
250,12.6,0.1524,39.6,0.0584113,115.890
630,6.7,0.1016,31.7,0.00592927,132.116
5000,0,0.3048,55.5,0.00283081,119.606
3150,0,0.0508,31.7,0.000812164,135.490
200,15.4,0.0508,55.5,0.0271925,122.940
800,11.2,0.0508,71.3,0.014072,136.031
1600,0,0.2286,39.6,0.00253511,127.095
10000,2.7,0.1524,71.3,0.00243851,116.724
2500,12.6,0.1524,71.3,0.0483159,115.234
10000,4.2,0.0508,39.6,0.00152689,116.967
3150,9.9,0.1524,71.3,0.0193001,116.849
5000,17.4,0.0254,39.6,0.0172206,119.854
8000,5.3,0.2286,71.3,0.0051942,114.900
5000,0,0.0254,31.7,0.000439472,138.607
16000,0,0.0254,71.3,0.000400682,130.477
6300,2,0.2286,71.3,0.00293031,120.786
3150,0,0.2286,39.6,0.00253511,124.625
4000,8.9,0.1016,71.3,0.0103088,120.243
6300,0,0.1016,55.5,0.00131983,127.730
4000,15.4,0.0508,71.3,0.0264269,122.675
1250,7.3,0.2286,39.6,0.0123481,123.189
5000,8.9,0.1016,71.3,0.0103088,116.723
2000,3.3,0.1016,31.7,0.00251435,131.642
500,15.4,0.0508,31.7,0.0289853,123.695
630,3.3,0.1016,39.6,0.00245138,127.251
400,5.3,0.2286,39.6,0.00614329,131.221
500,2,0.2286,39.6,0.00346574,125.157
400,2,0.2286,55.5,0.00313525,122.292
800,2.7,0.1524,71.3,0.00243851,127.394
2000,12.3,0.1016,55.5,0.0368233,118.564
5000,17.4,0.0254,55.5,0.0165706,118.941
250,9.9,0.1524,31.7,0.0252785,128.559
200,15.4,0.0508,71.3,0.0264269,123.595
630,17.4,0.0254,71.3,0.016104,122.606
1600,11.2,0.0508,39.6,0.0150478,126.540
3150,9.9,0.1524,31.7,0.0252785,112.209
2000,9.9,0.1524,71.3,0.0193001,120.779
5000,8.4,0.0508,71.3,0.00529514,121.146
6300,15.4,0.0508,31.7,0.0289853,108.185
500,0,0.1524,31.7,0.00209405,121.617
400,6.7,0.1016,31.7,0.00592927,128.296
500,0,0.3048,31.7,0.00331266,127.315
400,0,0.3048,31.7,0.00331266,125.045
1600,7.3,0.2286,71.3,0.0104404,125.728
250,12.3,0.1016,55.5,0.0368233,133.294
200,17.4,0.0254,55.5,0.0165706,109.951
6300,0,0.3048,71.3,0.00266337,119.541
1250,5.4,0.1524,71.3,0.00401199,134.111
2500,5.3,0.2286,71.3,0.0051942,123.740
2000,3.3,0.1016,39.6,0.00245138,132.301
3150,1.5,0.3048,71.3,0.00336729,123.392
1000,6.7,0.1016,55.5,0.0052139,137.233
200,11.2,0.0508,71.3,0.014072,125.941
2500,12.7,0.0254,39.6,0.0130253,129.027
3150,0,0.2286,31.7,0.0027238,123.445
1600,12.6,0.1524,39.6,0.0584113,110.780
500,15.4,0.0508,39.6,0.0282593,125.963
1600,9.9,0.1524,31.7,0.0252785,117.119
1000,6.7,0.1016,39.6,0.00578076,134.515
10000,0,0.0508,55.5,0.00076193,127.636
6300,3.3,0.1016,31.7,0.00251435,120.702
500,0,0.3048,39.6,0.00310138,126.959
3150,15.6,0.1016,71.3,0.0437259,116.468
6300,1.5,0.3048,39.6,0.00392107,114.751
1250,7.2,0.1524,39.6,0.00909175,122.428
315,8.9,0.1016,71.3,0.0103088,136.583
4000,9.9,0.1524,71.3,0.0193001,115.079
500,17.4,0.0254,71.3,0.016104,119.806
3150,3.3,0.1016,39.6,0.00245138,128.401
630,8.9,0.1016,39.6,0.0124596,131.920
2500,17.4,0.0254,55.5,0.0165706,124.931
6300,12.3,0.1016,31.7,0.0418756,107.267
5000,0,0.3048,31.7,0.00331266,115.645
4000,12.6,0.1524,39.6,0.0584113,104.500
6300,4.2,0.0508,71.3,0.00142788,129.308
500,7.3,0.2286,55.5,0.0111706,133.174
1250,15.4,0.0508,71.3,0.0264269,130.845
2000,7.3,0.2286,31.7,0.0132672,115.309
2500,2,0.2286,39.6,0.00346574,121.397
8000,1.5,0.3048,39.6,0.00392107,112.251
315,12.3,0.1016,71.3,0.0337792,137.068
1250,9.9,0.1524,71.3,0.0193001,122.679
4000,7.2,0.1524,71.3,0.00752039,119.343
1600,0,0.1016,39.6,0.00146332,133.261
4000,0,0.1524,39.6,0.00193287,125.343
800,7.3,0.2286,39.6,0.0123481,126.299
3150,0,0.1016,55.5,0.00131983,131.780
800,9.9,0.1524,55.5,0.0208438,126.565
630,2,0.2286,31.7,0.00372371,129.057
2500,7.2,0.1524,71.3,0.00752039,124.353
2500,0,0.2286,55.5,0.00229336,126.540
2000,8.4,0.0508,31.7,0.00580776,127.686
1600,2,0.2286,31.7,0.00372371,125.797
1000,9.5,0.0254,71.3,0.00420654,129.556
1600,5.4,0.1524,71.3,0.00401199,133.241
20000,4.8,0.0254,71.3,0.000848633,119.708
2000,3,0.3048,39.6,0.00495741,120.532
500,7.2,0.1524,71.3,0.00752039,132.043
800,19.7,0.0508,39.6,0.036484,119.174
16000,1.5,0.3048,71.3,0.00336729,106.582
10000,3.3,0.1016,39.6,0.00245138,115.321
4000,9.9,0.1524,31.7,0.0252785,111.459
1250,0,0.1016,39.6,0.00146332,132.271
200,17.4,0.0254,71.3,0.016104,112.506
5000,15.4,0.0508,55.5,0.0271925,117.110
5000,0,0.0254,39.6,0.000428464,136.536
315,1.5,0.3048,39.6,0.00392107,121.851
200,8.9,0.1016,39.6,0.0124596,133.420
4000,15.4,0.0508,39.6,0.0282593,118.113
400,8.4,0.0508,55.5,0.00544854,121.582
2500,0,0.2286,71.3,0.00214345,128.354
1600,3,0.3048,71.3,0.00425727,126.514
1250,15.4,0.0508,55.5,0.0271925,130.000
1000,0,0.0508,39.6,0.000791822,127.638
8000,2.7,0.1524,71.3,0.00243851,120.534
1600,12.3,0.1016,55.5,0.0368233,121.824
2000,5.3,0.2286,71.3,0.0051942,125.890
200,12.6,0.1524,39.6,0.0584113,114.750
1250,4,0.3048,71.3,0.00497773,129.395
10000,0,0.1016,31.7,0.00150092,115.893
400,7.3,0.2286,55.5,0.0111706,135.924
8000,0,0.1016,55.5,0.00131983,124.450
630,4,0.3048,39.6,0.00579636,131.073
630,3,0.3048,39.6,0.00495741,129.292
315,11.2,0.0508,39.6,0.0150478,128.990
800,0,0.0508,55.5,0.00076193,124.336
4000,8.4,0.0508,55.5,0.00544854,122.612
2000,4.8,0.0254,31.7,0.000930789,130.148
5000,12.3,0.1016,31.7,0.0418756,107.147
1000,19.7,0.0508,71.3,0.0341183,121.885
1600,17.4,0.0254,31.7,0.0176631,126.846
250,15.6,0.1016,39.6,0.0528487,124.644
2000,0,0.1524,55.5,0.00172668,129.673
5000,0,0.0254,55.5,0.00041229,135.803
1600,0,0.3048,71.3,0.00266337,127.591
1600,0,0.1016,31.7,0.00150092,133.553
1000,4.8,0.0254,39.6,0.000907475,122.956
12500,4,0.3048,71.3,0.00497773,107.405
10000,0,0.3048,39.6,0.00310138,112.139
400,7.3,0.2286,71.3,0.0104404,139.438
2500,5.4,0.1524,55.5,0.00433288,124.077
2000,15.6,0.1016,71.3,0.0437259,119.888
200,7.3,0.2286,55.5,0.0111706,135.234
4000,15.4,0.0508,55.5,0.0271925,120.920
8000,0,0.3048,39.6,0.00310138,114.779
400,7.2,0.1524,71.3,0.00752039,130.123
2000,12.7,0.0254,39.6,0.0130253,129.567
5000,7.2,0.1524,71.3,0.00752039,118.343
2500,0,0.2286,39.6,0.00253511,125.025
1600,3.3,0.1016,31.7,0.00251435,133.402
500,5.4,0.1524,71.3,0.00401199,126.291
3150,0,0.1016,31.7,0.00150092,129.973
2000,15.6,0.1016,39.6,0.0528487,110.894
12500,4.8,0.0254,55.5,0.000873218,125.094
250,12.3,0.1016,31.7,0.0418756,125.857
1000,4,0.2286,55.5,0.0042862,132.134
1000,8.4,0.0508,55.5,0.00544854,130.722
250,8.9,0.1016,71.3,0.0103088,134.533
1250,4,0.3048,39.6,0.00579636,126.343
1600,9.9,0.1524,55.5,0.0208438,119.875
400,5.4,0.1524,31.7,0.00525474,127.781
8000,12.7,0.0254,39.6,0.0130253,120.607
4000,3.3,0.1016,31.7,0.00251435,124.852
4000,9.9,0.1524,55.5,0.0208438,112.945
4000,4.8,0.0254,39.6,0.000907475,134.996
12500,0,0.1016,71.3,0.00121072,119.375
1000,8.9,0.1016,39.6,0.0124596,129.580
800,12.7,0.0254,39.6,0.0130253,130.217
500,12.3,0.1016,39.6,0.0408268,122.205
2000,19.7,0.0508,39.6,0.036484,117.724
200,7.3,0.2286,31.7,0.0132672,128.679
12500,0,0.2286,71.3,0.00214345,117.624
1600,0,0.0508,71.3,0.000740478,129.680
400,7.2,0.1524,39.6,0.00909175,132.118
250,7.3,0.2286,55.5,0.0111706,136.384
5000,3.3,0.1016,71.3,0.00202822,127.054
400,4,0.3048,39.6,0.00579636,128.633
400,4,0.2286,39.6,0.00473801,123.879
1000,12.3,0.1016,55.5,0.0368233,125.484
8000,4,0.2286,55.5,0.0042862,112.524
2500,0,0.0508,31.7,0.000812164,134.870
400,9.9,0.1524,31.7,0.0252785,128.939
5000,4.8,0.0254,31.7,0.000930789,135.248
2000,0,0.1016,31.7,0.00150092,133.153
2000,19.7,0.0508,71.3,0.0341183,120.055
250,12.7,0.0254,39.6,0.0130253,121.547
10000,4.8,0.0254,55.5,0.000873218,126.944
630,0,0.1524,39.6,0.00193287,124.403
1250,0,0.0254,31.7,0.000439472,127.947
5000,3.3,0.1016,55.5,0.002211,124.839
5000,22.2,0.0254,71.3,0.0214178,125.727
4000,22.2,0.0254,71.3,0.0214178,123.917
500,8.9,0.1016,39.6,0.0124596,133.790
8000,0,0.1016,39.6,0.00146332,122.341
315,9.9,0.1524,71.3,0.0193001,135.459
800,7.3,0.2286,31.7,0.0132672,123.209
3150,7.2,0.1524,71.3,0.00752039,116.783
3150,4,0.3048,39.6,0.00579636,118.743
2000,9.5,0.0254,71.3,0.00420654,134.976
400,17.4,0.0254,71.3,0.016104,117.396
500,12.7,0.0254,71.3,0.0121808,126.898
1250,0,0.2286,31.7,0.0027238,128.805
2500,2,0.2286,71.3,0.00293031,127.006
6300,3,0.3048,39.6,0.00495741,114.042
1250,5.4,0.1524,55.5,0.00433288,130.777
315,7.3,0.2286,55.5,0.0111706,136.284
2000,6.7,0.1016,55.5,0.0052139,129.653
4000,4.8,0.0254,71.3,0.000848633,134.928
1000,9.9,0.1524,71.3,0.0193001,126.349
630,19.7,0.0508,71.3,0.0341183,128.365
800,4.8,0.0254,39.6,0.000907475,120.766
2000,3,0.3048,71.3,0.00425727,125.524
8000,3.3,0.1016,55.5,0.002211,120.569
630,2,0.2286,39.6,0.00346574,127.417
5000,9.5,0.0254,55.5,0.0043284,128.412
3150,9.5,0.0254,39.6,0.00449821,129.934
250,12.6,0.1524,71.3,0.0483159,129.744
3150,0,0.0254,39.6,0.000428464,133.276
6300,3,0.3048,71.3,0.00425727,116.134
6300,22.2,0.0254,71.3,0.0214178,123.127
4000,2,0.2286,55.5,0.00313525,122.232
500,9.9,0.1524,31.7,0.0252785,127.179
3150,4,0.2286,71.3,0.00400603,124.108
4000,4.2,0.0508,71.3,0.00142788,133.598
6300,12.6,0.1524,39.6,0.0584113,103.380
800,3.3,0.1016,39.6,0.00245138,129.991
3150,5.4,0.1524,71.3,0.00401199,123.311
1600,3.3,0.1016,39.6,0.00245138,133.071
10000,0,0.1524,39.6,0.00193287,115.413
3150,2.7,0.1524,39.6,0.00294804,122.919
5000,0,0.1016,71.3,0.00121072,130.795
1000,19.7,0.0508,39.6,0.036484,118.904
2000,0,0.0254,55.5,0.00041229,127.623
1000,22.2,0.0254,39.6,0.0229028,128.416
250,7.3,0.2286,31.7,0.0132672,130.089
1000,15.6,0.1016,39.6,0.0528487,119.224
800,3.3,0.1016,31.7,0.00251435,131.362
1000,1.5,0.3048,39.6,0.00392107,127.581
315,19.7,0.0508,39.6,0.036484,129.864
6300,9.5,0.0254,55.5,0.0043284,124.222
400,9.9,0.1524,55.5,0.0208438,131.605
500,6.7,0.1016,31.7,0.00592927,130.206
1000,17.4,0.0254,31.7,0.0176631,131.796
1250,6.7,0.1016,31.7,0.00592927,129.256
1600,9.9,0.1524,71.3,0.0193001,121.789
1600,0,0.0508,39.6,0.000791822,130.908
2000,7.3,0.2286,71.3,0.0104404,122.708
315,15.6,0.1016,39.6,0.0528487,122.754
2000,22.2,0.0254,39.6,0.0229028,121.256
1600,22.2,0.0254,71.3,0.0214178,131.817
5000,8.4,0.0508,55.5,0.00544854,115.812
1000,2,0.2286,71.3,0.00293031,128.956
1000,0,0.3048,31.7,0.00331266,127.365
2500,7.3,0.2286,31.7,0.0132672,114.709
3150,4,0.2286,39.6,0.00473801,120.419
6300,4.8,0.0254,31.7,0.000930789,132.898
5000,0,0.0508,39.6,0.000791822,134.308
1600,2.7,0.1524,71.3,0.00243851,130.644
8000,3.3,0.1016,39.6,0.00245138,118.091
500,0,0.1524,55.5,0.00172668,120.573
315,7.3,0.2286,39.6,0.0123481,132.149
5000,0,0.1524,31.7,0.00209405,122.397
400,2,0.2286,71.3,0.00293031,125.116
2500,9.5,0.0254,31.7,0.00461377,130.086
2500,9.5,0.0254,71.3,0.00420654,135.956
1000,3.3,0.1016,55.5,0.002211,131.129
3150,0,0.0254,55.5,0.00041229,130.503
5000,1.5,0.3048,71.3,0.00336729,119.632
250,11.2,0.0508,39.6,0.0150478,126.430
630,12.3,0.1016,71.3,0.0337792,135.368
3150,4.8,0.0254,31.7,0.000930789,134.268
3150,9.5,0.0254,31.7,0.00461377,128.536
6300,0,0.0254,55.5,0.00041229,136.103
2000,0,0.0508,55.5,0.00076193,131.456
1600,4,0.2286,55.5,0.0042862,128.264
200,15.6,0.1016,39.6,0.0528487,123.514
3150,7.3,0.2286,31.7,0.0132672,113.229
500,5.4,0.1524,31.7,0.00525474,129.681
4000,4,0.2286,31.7,0.00509068,118.859
630,22.2,0.0254,39.6,0.0229028,137.026
8000,0,0.1524,55.5,0.00172668,121.903
4000,8.9,0.1016,39.6,0.0124596,116.220
2000,0,0.1524,71.3,0.0015988,128.647
1250,3.3,0.1016,31.7,0.00251435,134.022
2000,4,0.2286,39.6,0.00473801,121.659
400,15.6,0.1016,39.6,0.0528487,120.484
2500,8.4,0.0508,31.7,0.00580776,125.576
800,8.9,0.1016,71.3,0.0103088,137.813
2500,15.4,0.0508,55.5,0.0271925,125.630
2500,6.7,0.1016,55.5,0.0052139,124.273
12500,1.5,0.3048,71.3,0.00336729,109.222
12500,0,0.0254,71.3,0.000400682,133.207
1250,2.7,0.1524,71.3,0.00243851,130.144
4000,4.2,0.0508,39.6,0.00152689,131.807
400,15.4,0.0508,31.7,0.0289853,123.705
3150,0,0.1016,71.3,0.00121072,131.955
315,4,0.2286,39.6,0.00473801,122.229
1000,0,0.1016,31.7,0.00150092,131.313
800,0,0.1016,39.6,0.00146332,128.401
1250,5.4,0.1524,39.6,0.00485029,127.117
1250,15.4,0.0508,39.6,0.0282593,126.743
800,12.3,0.1016,71.3,0.0337792,127.318
4000,2,0.2286,39.6,0.00346574,120.227
10000,3,0.3048,55.5,0.00452492,112.169
630,2.7,0.1524,71.3,0.00243851,127.404
1000,17.4,0.0254,71.3,0.016104,125.816
315,2,0.2286,31.7,0.00372371,120.147
1250,5.3,0.2286,71.3,0.0051942,133.380
1250,0,0.3048,39.6,0.00310138,125.499
200,12.6,0.1524,71.3,0.0483159,128.354
2500,17.4,0.0254,71.3,0.016104,126.746
2000,4,0.3048,71.3,0.00497773,124.395
800,4,0.2286,55.5,0.0042862,131.864
315,12.3,0.1016,55.5,0.0368233,135.674
6300,0,0.2286,31.7,0.0027238,116.815
8000,3,0.3048,55.5,0.00452492,113.799
1250,0,0.3048,31.7,0.00331266,124.355
2500,8.4,0.0508,39.6,0.00566229,127.465
800,12.7,0.0254,71.3,0.0121808,130.348
800,12.6,0.1524,71.3,0.0483159,123.054
200,12.3,0.1016,55.5,0.0368233,132.304
630,2.7,0.1524,39.6,0.00294804,125.809
1000,0,0.3048,39.6,0.00310138,127.899
1000,3,0.3048,31.7,0.00529514,126.838
1000,9.9,0.1524,55.5,0.0208438,124.665
630,5.4,0.1524,71.3,0.00401199,128.971
1250,0,0.1016,71.3,0.00121072,130.335
1600,1.5,0.3048,71.3,0.00336729,126.632
250,9.5,0.0254,39.6,0.00449821,116.924
2500,2,0.2286,55.5,0.00313525,123.862
6300,5.4,0.1524,71.3,0.00401199,116.411
630,7.2,0.1524,39.6,0.00909175,133.198
400,0,0.3048,39.6,0.00310138,124.809
10000,2.7,0.1524,39.6,0.00294804,112.589
1000,17.4,0.0254,55.5,0.0165706,126.001
1600,0,0.3048,31.7,0.00331266,122.365
2000,0,0.2286,71.3,0.00214345,128.244
200,19.7,0.0508,39.6,0.036484,125.974
800,17.4,0.0254,55.5,0.0165706,123.091
3150,0,0.0508,39.6,0.000791822,135.938
800,4,0.2286,31.7,0.00509068,130.869
1000,3.3,0.1016,71.3,0.00202822,131.434
800,17.4,0.0254,71.3,0.016104,124.276
5000,5.4,0.1524,71.3,0.00401199,120.061
10000,12.7,0.0254,39.6,0.0130253,116.017
3150,12.3,0.1016,31.7,0.0418756,110.307
16000,4.8,0.0254,71.3,0.000848633,124.208
1000,4,0.3048,71.3,0.00497773,131.015
1250,0,0.0508,71.3,0.000740478,128.560
630,4.8,0.0254,31.7,0.000930789,120.078
2000,9.5,0.0254,31.7,0.00461377,130.496
630,12.3,0.1016,39.6,0.0408268,121.315
4000,3.3,0.1016,39.6,0.00245138,124.881
4000,0,0.1016,71.3,0.00121072,130.935
5000,4.2,0.0508,39.6,0.00152689,129.777
1250,8.4,0.0508,55.5,0.00544854,132.252
250,11.2,0.0508,71.3,0.014072,127.101
1600,17.4,0.0254,55.5,0.0165706,126.471
3150,3,0.3048,71.3,0.00425727,121.514
8000,7.2,0.1524,39.6,0.00909175,111.588
200,9.5,0.0254,31.7,0.00461377,119.146
500,4,0.3048,71.3,0.00497773,130.715
5000,7.3,0.2286,71.3,0.0104404,115.298
3150,0,0.3048,55.5,0.00283081,123.236
315,15.4,0.0508,39.6,0.0282593,124.493
315,4,0.2286,31.7,0.00509068,123.609
6300,12.3,0.1016,55.5,0.0368233,110.124
2500,12.3,0.1016,55.5,0.0368233,117.054
2000,4.2,0.0508,39.6,0.00152689,132.587
500,17.4,0.0254,39.6,0.0172206,117.514
200,7.3,0.2286,39.6,0.0123481,130.989
1600,0,0.0254,31.7,0.000439472,129.267
2500,4,0.2286,55.5,0.0042862,122.384
630,15.6,0.1016,39.6,0.0528487,118.084
3150,0,0.0508,71.3,0.000740478,135.070
250,15.6,0.1016,71.3,0.0437259,132.158
250,7.3,0.2286,71.3,0.0104404,139.918
10000,5.3,0.2286,71.3,0.0051942,111.350
1250,6.7,0.1016,71.3,0.00478288,137.658
5000,22.2,0.0254,39.6,0.0229028,118.816
1600,22.2,0.0254,39.6,0.0229028,122.216
6300,17.4,0.0254,55.5,0.0165706,114.861
2000,8.9,0.1016,39.6,0.0124596,119.040
2500,3.3,0.1016,55.5,0.002211,132.889
5000,0,0.2286,71.3,0.00214345,124.304
400,17.4,0.0254,55.5,0.0165706,115.461
1250,17.4,0.0254,31.7,0.0176631,128.306
6300,7.2,0.1524,39.6,0.00909175,112.688
500,9.9,0.1524,71.3,0.0193001,131.279
315,2,0.2286,39.6,0.00346574,120.137
4000,4,0.2286,39.6,0.00473801,119.159
4000,0,0.0508,39.6,0.000791822,135.308
3150,12.3,0.1016,39.6,0.0408268,113.055
8000,0,0.2286,71.3,0.00214345,118.024
2000,5.4,0.1524,31.7,0.00525474,122.771
6300,5.4,0.1524,39.6,0.00485029,116.677
3150,7.3,0.2286,39.6,0.0123481,114.309
2000,11.2,0.0508,71.3,0.014072,133.311
3150,4,0.2286,31.7,0.00509068,120.229
800,3,0.3048,39.6,0.00495741,129.552
5000,3.3,0.1016,39.6,0.00245138,122.371
3150,6.7,0.1016,71.3,0.00478288,124.458
1600,5.4,0.1524,31.7,0.00525474,123.761
1000,0,0.2286,31.7,0.0027238,130.595
630,12.6,0.1524,39.6,0.0584113,116.550
500,8.9,0.1016,71.3,0.0103088,138.523
2000,12.6,0.1524,71.3,0.0483159,117.504
400,3,0.3048,39.6,0.00495741,125.472
5000,2,0.2286,31.7,0.00372371,118.267
6300,0,0.2286,71.3,0.00214345,122.044
1600,8.9,0.1016,39.6,0.0124596,123.820
5000,2,0.2286,39.6,0.00346574,118.827
315,22.2,0.0254,71.3,0.0214178,115.857
1600,5.4,0.1524,55.5,0.00433288,130.567
1000,5.4,0.1524,71.3,0.00401199,133.201
3150,2,0.2286,39.6,0.00346574,121.627
2500,4.8,0.0254,55.5,0.000873218,129.144
500,2,0.2286,55.5,0.00313525,124.692
1000,22.2,0.0254,71.3,0.0214178,134.247
5000,3,0.3048,31.7,0.00529514,113.858
2500,19.7,0.0508,39.6,0.036484,116.184
2500,0,0.1524,39.6,0.00193287,126.863
500,0,0.1524,39.6,0.00193287,119.513
2000,0,0.1016,39.6,0.00146332,133.251
5000,9.5,0.0254,71.3,0.00420654,131.186
6300,0,0.0508,55.5,0.00076193,132.796
5000,0,0.1016,55.5,0.00131983,128.360
1000,5.4,0.1524,55.5,0.00433288,132.127
315,15.4,0.0508,31.7,0.0289853,122.845
8000,12.7,0.0254,71.3,0.0121808,120.538
250,19.7,0.0508,71.3,0.0341183,119.115
630,7.3,0.2286,55.5,0.0111706,130.934
3150,0,0.3048,31.7,0.00331266,119.135
1250,19.7,0.0508,39.6,0.036484,118.634
4000,9.5,0.0254,39.6,0.00449821,127.864
250,15.4,0.0508,39.6,0.0282593,122.893
630,12.6,0.1524,71.3,0.0483159,123.304
10000,3,0.3048,71.3,0.00425727,110.224
6300,3.3,0.1016,39.6,0.00245138,120.851
1600,15.4,0.0508,55.5,0.0271925,128.200
2500,0,0.3048,55.5,0.00283081,124.106
800,8.4,0.0508,55.5,0.00544854,128.562
2500,7.3,0.2286,55.5,0.0111706,118.994
500,4.8,0.0254,31.7,0.000930789,116.128
3150,22.2,0.0254,39.6,0.0229028,120.856
2500,4,0.3048,39.6,0.00579636,120.233
3150,9.5,0.0254,55.5,0.0043284,133.252
5000,0,0.0508,31.7,0.000812164,133.230
5000,0,0.0508,55.5,0.00076193,134.556
4000,5.4,0.1524,39.6,0.00485029,117.137
1600,8.4,0.0508,39.6,0.00566229,130.965
4000,15.6,0.1016,39.6,0.0528487,106.604
8000,3,0.3048,39.6,0.00495741,110.652
800,8.4,0.0508,31.7,0.00580776,128.246
2500,3,0.3048,71.3,0.00425727,124.024
2500,5.4,0.1524,31.7,0.00525474,119.151
1250,12.7,0.0254,39.6,0.0130253,130.777
500,3,0.3048,71.3,0.00425727,128.454
2500,7.3,0.2286,71.3,0.0104404,122.088
1600,0,0.0508,55.5,0.00076193,128.576
2500,7.2,0.1524,39.6,0.00909175,117.478
6300,9.9,0.1524,71.3,0.0193001,112.039
400,6.7,0.1016,39.6,0.00578076,128.295
315,12.7,0.0254,39.6,0.0130253,123.537
12500,0,0.1524,55.5,0.00172668,117.093
5000,8.9,0.1016,39.6,0.0124596,113.080
1000,12.3,0.1016,31.7,0.0418756,119.777
400,0,0.2286,55.5,0.00229336,121.660
1600,2,0.2286,71.3,0.00293031,127.796
10000,7.2,0.1524,39.6,0.00909175,110.868
10000,0,0.1016,39.6,0.00146332,119.561
2500,15.4,0.0508,31.7,0.0289853,119.945
5000,3.3,0.1016,31.7,0.00251435,122.082
5000,15.4,0.0508,31.7,0.0289853,112.355
500,3,0.3048,31.7,0.00529514,127.548
3150,8.4,0.0508,31.7,0.00580776,122.086
1600,0,0.1016,71.3,0.00121072,131.725
3150,5.3,0.2286,39.6,0.00614329,118.441
6300,0,0.2286,39.6,0.00253511,117.465
500,7.2,0.1524,39.6,0.00909175,132.658
4000,0,0.2286,39.6,0.00253511,123.465
400,3,0.3048,55.5,0.00452492,126.159
2000,0,0.1016,55.5,0.00131983,132.540
1600,6.7,0.1016,31.7,0.00592927,124.346
2500,15.4,0.0508,71.3,0.0264269,127.625
5000,4.8,0.0254,55.5,0.000873218,135.484
2000,4.2,0.0508,71.3,0.00142788,129.848
1250,12.3,0.1016,55.5,0.0368233,124.214
500,5.3,0.2286,71.3,0.0051942,129.880
2500,0,0.1524,55.5,0.00172668,127.763
6300,2,0.2286,39.6,0.00346574,116.417
630,0,0.1016,71.3,0.00121072,124.155
8000,4.8,0.0254,71.3,0.000848633,131.518
3150,4.8,0.0254,39.6,0.000907475,133.436
2500,0,0.0508,55.5,0.00076193,133.956
1000,9.9,0.1524,39.6,0.0233328,123.835
6300,0,0.1524,31.7,0.00209405,119.737
8000,4,0.2286,71.3,0.00400603,112.848
12500,0,0.3048,71.3,0.00266337,112.241
800,0,0.3048,31.7,0.00331266,129.235
800,2,0.2286,71.3,0.00293031,128.216
4000,9.5,0.0254,31.7,0.00461377,126.736
200,7.3,0.2286,71.3,0.0104404,138.758
2500,15.6,0.1016,71.3,0.0437259,118.998
2500,4.8,0.0254,31.7,0.000930789,132.588
2500,0,0.0254,55.5,0.00041229,130.073
12500,4.2,0.0508,71.3,0.00142788,117.328
800,0,0.1016,71.3,0.00121072,126.805
5000,15.4,0.0508,71.3,0.0264269,119.135
2500,0,0.1016,39.6,0.00146332,132.611
2000,8.4,0.0508,39.6,0.00566229,129.965
800,0,0.3048,55.5,0.00283081,128.086
500,0,0.2286,31.7,0.0027238,126.675
16000,0,0.2286,71.3,0.00214345,114.984
630,0,0.2286,31.7,0.0027238,129.465
5000,4,0.3048,71.3,0.00497773,117.785
2500,0,0.3048,39.6,0.00310138,121.399
1250,7.3,0.2286,71.3,0.0104404,127.358
2000,9.9,0.1524,55.5,0.0208438,119.505
6300,2,0.2286,55.5,0.00313525,118.712
1250,0,0.3048,71.3,0.00266337,125.951
800,0,0.0508,31.7,0.000812164,122.790
1600,4.2,0.0508,39.6,0.00152689,130.197
3150,5.4,0.1524,39.6,0.00485029,119.137
5000,9.9,0.1524,31.7,0.0252785,109.949
10000,0,0.1524,71.3,0.0015988,120.247
4000,0,0.1524,31.7,0.00209405,123.807
2500,0,0.3048,71.3,0.00266337,125.571
400,15.4,0.0508,39.6,0.0282593,125.353
5000,7.3,0.2286,39.6,0.0123481,111.959
6300,0,0.3048,31.7,0.00331266,113.775
5000,0,0.2286,39.6,0.00253511,122.175
16000,4.8,0.0254,55.5,0.000873218,124.394
8000,0,0.3048,55.5,0.00283081,116.476
1250,9.9,0.1524,31.7,0.0252785,118.619
3150,0,0.0508,55.5,0.00076193,134.826
250,15.4,0.0508,31.7,0.0289853,121.225
1250,9.5,0.0254,71.3,0.00420654,131.656
1250,22.2,0.0254,71.3,0.0214178,140.987
1600,15.6,0.1016,71.3,0.0437259,121.528
16000,0,0.3048,71.3,0.00266337,108.721
1250,3,0.3048,31.7,0.00529514,124.838
5000,2.7,0.1524,39.6,0.00294804,121.499
8000,0,0.3048,31.7,0.00331266,110.515
4000,9.5,0.0254,55.5,0.0043284,131.582
200,9.9,0.1524,71.3,0.0193001,134.319
3150,9.9,0.1524,39.6,0.0233328,113.525
1000,0,0.3048,55.5,0.00283081,126.966
1250,4.2,0.0508,39.6,0.00152689,128.427
2500,22.2,0.0254,39.6,0.0229028,121.306
500,8.4,0.0508,39.6,0.00566229,122.905
1600,15.4,0.0508,39.6,0.0282593,124.843
10000,2,0.2286,71.3,0.00293031,113.086
400,5.4,0.1524,39.6,0.00485029,127.637
2500,0,0.3048,31.7,0.00331266,120.755
5000,4.8,0.0254,39.6,0.000907475,135.426
1250,2,0.2286,55.5,0.00313525,128.762
2500,8.9,0.1016,71.3,0.0103088,123.623
630,7.3,0.2286,71.3,0.0104404,133.768
200,9.9,0.1524,55.5,0.0208438,131.955
8000,1.5,0.3048,71.3,0.00336729,115.372
16000,0,0.1524,71.3,0.0015988,113.297
400,5.3,0.2286,71.3,0.0051942,127.700
10000,0,0.1016,55.5,0.00131983,121.930
500,3,0.3048,55.5,0.00452492,128.179
500,1.5,0.3048,39.6,0.00392107,126.661
630,17.4,0.0254,39.6,0.0172206,124.514
500,15.4,0.0508,55.5,0.0271925,127.220
3150,9.9,0.1524,55.5,0.0208438,115.085
1000,17.4,0.0254,39.6,0.0172206,138.274
2500,8.4,0.0508,71.3,0.00529514,134.226
1600,6.7,0.1016,39.6,0.00578076,127.375
2500,12.3,0.1016,39.6,0.0408268,113.315
10000,0,0.1524,55.5,0.00172668,119.253
6300,4,0.3048,71.3,0.00497773,116.165
6300,15.4,0.0508,39.6,0.0282593,109.663
1000,0,0.1524,31.7,0.00209405,130.987
1250,2,0.2286,31.7,0.00372371,128.677
1250,9.9,0.1524,55.5,0.0208438,121.635
5000,12.6,0.1524,39.6,0.0584113,104.130
6300,9.5,0.0254,39.6,0.00449821,120.324
315,0,0.3048,31.7,0.00331266,122.765
630,8.4,0.0508,39.6,0.00566229,126.045
1000,0,0.0508,55.5,0.00076193,125.586
1000,0,0.2286,39.6,0.00253511,130.435
3150,15.6,0.1016,39.6,0.0528487,109.254
3150,2.7,0.1524,71.3,0.00243851,127.054
250,19.7,0.0508,39.6,0.036484,127.224
4000,7.3,0.2286,31.7,0.0132672,112.639
800,9.5,0.0254,31.7,0.00461377,130.746
1000,6.7,0.1016,31.7,0.00592927,131.636
800,0,0.1016,31.7,0.00150092,129.053
2000,0,0.3048,39.6,0.00310138,123.689
630,9.9,0.1524,71.3,0.0193001,129.889
1250,3.3,0.1016,39.6,0.00245138,133.211
3150,5.3,0.2286,71.3,0.0051942,123.120
10000,7.2,0.1524,71.3,0.00752039,110.313
1600,9.5,0.0254,55.5,0.0043284,133.062
800,2,0.2286,39.6,0.00346574,129.037
8000,0,0.0508,71.3,0.000740478,130.890
5000,12.7,0.0254,39.6,0.0130253,125.107
6300,0,0.1016,71.3,0.00121072,129.395
1600,0,0.1524,71.3,0.0015988,129.667
2500,5.4,0.1524,71.3,0.00401199,127.591
630,8.4,0.0508,31.7,0.00580776,125.856
16000,0,0.0254,39.6,0.000428464,124.986
8000,0,0.0254,71.3,0.000400682,129.867
2500,11.2,0.0508,71.3,0.014072,130.541
1250,4.8,0.0254,31.7,0.000930789,127.408
2500,0,0.0508,39.6,0.000791822,134.938
8000,0,0.0508,55.5,0.00076193,130.156
3150,15.4,0.0508,71.3,0.0264269,125.715
1250,4,0.2286,39.6,0.00473801,128.339
6300,12.3,0.1016,39.6,0.0408268,107.985
5000,7.3,0.2286,55.5,0.0111706,113.144
2500,15.4,0.0508,39.6,0.0282593,122.413
500,7.3,0.2286,39.6,0.0123481,130.299
6300,15.4,0.0508,71.3,0.0264269,115.215
1250,5.4,0.1524,31.7,0.00525474,123.991
3150,5.4,0.1524,31.7,0.00525474,118.291
400,0,0.2286,31.7,0.0027238,123.635
8000,0,0.1524,31.7,0.00209405,117.957
2000,4.8,0.0254,55.5,0.000873218,125.054
800,22.2,0.0254,71.3,0.0214178,123.227
2500,0,0.1016,71.3,0.00121072,132.595
1600,4,0.3048,71.3,0.00497773,126.645
315,3,0.3048,39.6,0.00495741,123.312
2500,8.4,0.0508,55.5,0.00544854,131.542
6300,3,0.3048,55.5,0.00452492,115.679
1600,4,0.2286,39.6,0.00473801,125.319
400,12.3,0.1016,31.7,0.0418756,123.207
1600,5.3,0.2286,39.6,0.00614329,123.081
1250,0,0.2286,71.3,0.00214345,128.144
800,2.7,0.1524,39.6,0.00294804,128.829
630,0,0.3048,31.7,0.00331266,129.095
2500,17.4,0.0254,31.7,0.0176631,124.166
2500,17.4,0.0254,39.6,0.0172206,124.154
250,7.3,0.2286,39.6,0.0123481,131.889
10000,1.5,0.3048,71.3,0.00336729,113.492
500,12.3,0.1016,71.3,0.0337792,140.158
200,17.4,0.0254,31.7,0.0176631,116.146
6300,4,0.2286,55.5,0.0042862,117.154
5000,17.4,0.0254,31.7,0.0176631,117.996
8000,2,0.2286,71.3,0.00293031,115.996
500,6.7,0.1016,39.6,0.00578076,130.955
4000,4,0.2286,71.3,0.00400603,121.728
630,12.7,0.0254,71.3,0.0121808,128.878
6300,4,0.2286,39.6,0.00473801,114.249
800,5.3,0.2286,71.3,0.0051942,133.480
3150,11.2,0.0508,71.3,0.014072,127.141
800,4,0.3048,71.3,0.00497773,131.755
2000,12.7,0.0254,71.3,0.0121808,134.228
630,15.4,0.0508,71.3,0.0264269,129.645
1000,7.2,0.1524,71.3,0.00752039,134.273
1250,0,0.0508,39.6,0.000791822,129.148
3150,0,0.1524,55.5,0.00172668,127.753
2000,22.2,0.0254,71.3,0.0214178,127.197
500,9.5,0.0254,39.6,0.00449821,123.894
250,4,0.2286,31.7,0.00509068,120.189
2500,9.9,0.1524,55.5,0.0208438,118.365
1600,7.2,0.1524,39.6,0.00909175,120.058
4000,12.3,0.1016,71.3,0.0337792,118.018
1600,7.3,0.2286,31.7,0.0132672,119.039
2000,9.5,0.0254,39.6,0.00449821,131.274
1000,8.4,0.0508,39.6,0.00566229,130.195
800,15.6,0.1016,71.3,0.0437259,124.188
2000,12.6,0.1524,39.6,0.0584113,109.520
6300,2.7,0.1524,71.3,0.00243851,121.944
400,7.3,0.2286,31.7,0.0132672,130.269
1250,9.5,0.0254,39.6,0.00449821,130.964
2000,7.2,0.1524,71.3,0.00752039,128.643
8000,0,0.0254,39.6,0.000428464,135.866
1600,3.3,0.1016,71.3,0.00202822,133.664
6300,0,0.0508,71.3,0.000740478,133.040
2000,4,0.3048,39.6,0.00579636,120.963
1000,0,0.0508,31.7,0.000812164,126.780
1250,0,0.1016,31.7,0.00150092,133.063
4000,0,0.0508,55.5,0.00076193,134.946
6300,0,0.1524,71.3,0.0015988,125.427
800,6.7,0.1016,71.3,0.00478288,134.478
3150,0,0.1524,31.7,0.00209405,124.207
800,9.9,0.1524,31.7,0.0252785,125.539
630,0,0.1524,55.5,0.00172668,123.583
800,5.4,0.1524,55.5,0.00433288,133.097
1000,12.6,0.1524,71.3,0.0483159,122.044
4000,12.7,0.0254,39.6,0.0130253,126.537
4000,0,0.0254,71.3,0.000400682,138.557
1000,8.9,0.1016,71.3,0.0103088,135.433
6300,4.8,0.0254,55.5,0.000873218,135.164
200,12.3,0.1016,39.6,0.0408268,128.545
5000,7.2,0.1524,39.6,0.00909175,113.288
6300,3.3,0.1016,55.5,0.002211,123.839
1600,5.3,0.2286,71.3,0.0051942,130.460
400,4,0.3048,71.3,0.00497773,129.575
6300,5.3,0.2286,39.6,0.00614329,112.541
400,19.7,0.0508,71.3,0.0341183,123.865
1000,4.8,0.0254,31.7,0.000930789,125.348
2000,0,0.0508,31.7,0.000812164,133.010
3150,4,0.3048,71.3,0.00497773,121.775
4000,17.4,0.0254,71.3,0.016104,125.586
800,22.2,0.0254,39.6,0.0229028,137.076
12500,4,0.2286,71.3,0.00400603,114.258
5000,4,0.2286,31.7,0.00509068,115.969
1000,1.5,0.3048,71.3,0.00336729,125.992
630,5.3,0.2286,39.6,0.00614329,132.011
1000,0,0.1524,71.3,0.0015988,127.307
1250,3,0.3048,39.6,0.00495741,125.802
2000,4,0.2286,31.7,0.00509068,122.089
2000,3,0.3048,31.7,0.00529514,120.088
1250,7.3,0.2286,55.5,0.0111706,125.724
1250,2.7,0.1524,39.6,0.00294804,130.829
630,7.3,0.2286,39.6,0.0123481,128.929
1250,9.5,0.0254,55.5,0.0043284,132.202
5000,5.4,0.1524,31.7,0.00525474,115.691
2500,0,0.1016,55.5,0.00131983,133.040
250,9.9,0.1524,39.6,0.0233328,128.335
1600,9.5,0.0254,71.3,0.00420654,133.756
2500,0,0.1524,31.7,0.00209405,125.867
3150,12.6,0.1524,39.6,0.0584113,106.260
1600,4,0.3048,39.6,0.00579636,123.213
8000,4,0.2286,39.6,0.00473801,113.129
6300,1.5,0.3048,71.3,0.00336729,118.122
1000,5.3,0.2286,39.6,0.00614329,125.581
1000,11.2,0.0508,71.3,0.014072,136.941
200,17.4,0.0254,39.6,0.0172206,114.044
2000,2.7,0.1524,71.3,0.00243851,130.114
6300,8.9,0.1016,39.6,0.0124596,113.110
400,4,0.2286,55.5,0.0042862,123.274
3150,4.8,0.0254,71.3,0.000848633,133.378
8000,0,0.1524,39.6,0.00193287,120.553
2000,0,0.3048,31.7,0.00331266,122.375
8000,4.8,0.0254,55.5,0.000873218,132.184
4000,0,0.1016,55.5,0.00131983,129.500
2000,4.8,0.0254,39.6,0.000907475,128.916
4000,0,0.0254,39.6,0.000428464,135.346
800,2,0.2286,55.5,0.00313525,128.492
4000,0,0.0254,31.7,0.000439472,137.047
800,17.4,0.0254,39.6,0.0172206,135.324
250,0,0.3048,31.7,0.00331266,118.595
2000,15.4,0.0508,39.6,0.0282593,123.443
1000,9.5,0.0254,31.7,0.00461377,131.346
1600,5.4,0.1524,39.6,0.00485029,126.267
2000,0,0.0254,31.7,0.000439472,130.697
500,11.2,0.0508,39.6,0.0150478,131.960
1000,2,0.2286,31.7,0.00372371,130.307
2500,15.6,0.1016,39.6,0.0528487,110.264
315,5.4,0.1524,39.6,0.00485029,125.347
2000,4,0.2286,55.5,0.0042862,124.254
4000,4.8,0.0254,55.5,0.000873218,133.924
315,9.5,0.0254,31.7,0.00461377,122.766
4000,7.3,0.2286,55.5,0.0111706,117.284
800,5.4,0.1524,39.6,0.00485029,132.757
1000,12.3,0.1016,39.6,0.0408268,122.435
315,17.4,0.0254,39.6,0.0172206,115.144
2500,22.2,0.0254,71.3,0.0214178,126.097
800,17.4,0.0254,31.7,0.0176631,139.226
10000,1.5,0.3048,39.6,0.00392107,108.991
3150,9.5,0.0254,71.3,0.00420654,136.166
8000,4.8,0.0254,39.6,0.000907475,131.346